TITLE="ugrid_n=25Re=100.dat" VARIABLES="x", "y", "u" ZONE T="ugrid_n=25Re=100.dat" I=22 J=23 F=POINT
4.3478260870e-02, 2.1739130435e-02, 2.1186774226e-04,
8.6956521739e-02, 2.1739130435e-02, -2.2794571291e-04,
1.3043478261e-01, 2.1739130435e-02, -1.4222975777e-03,
1.7391304348e-01, 2.1739130435e-02, -3.1888793859e-03,
2.1739130435e-01, 2.1739130435e-02, -5.3052851816e-03,
2.6086956522e-01, 2.1739130435e-02, -7.5777245664e-03,
3.0434782609e-01, 2.1739130435e-02, -9.8451473583e-03,
3.4782608696e-01, 2.1739130435e-02, -1.1964064204e-02,
3.9130434783e-01, 2.1739130435e-02, -1.3793789574e-02,
4.3478260870e-01, 2.1739130435e-02, -1.5190954719e-02,
4.7826086957e-01, 2.1739130435e-02, -1.6015756270e-02,
5.2173913043e-01, 2.1739130435e-02, -1.6148641214e-02,
5.6521739130e-01, 2.1739130435e-02, -1.5514567092e-02,
6.0869565217e-01, 2.1739130435e-02, -1.4109300061e-02,
6.5217391304e-01, 2.1739130435e-02, -1.2020322622e-02,
6.9565217391e-01, 2.1739130435e-02, -9.4349277017e-03,
7.3913043478e-01, 2.1739130435e-02, -6.6289953686e-03,
7.8260869565e-01, 2.1739130435e-02, -3.9336087858e-03,
8.2608695652e-01, 2.1739130435e-02, -1.6828628133e-03,
8.6956521739e-01, 2.1739130435e-02, -1.5015420929e-04,
9.1304347826e-01, 2.1739130435e-02, 5.2297556005e-04,
9.5652173913e-01, 2.1739130435e-02, 4.1809994686e-04,
4.3478260870e-02, 6.5217391304e-02, -4.5882653066e-04,
8.6956521739e-02, 6.5217391304e-02, -2.4843850554e-03,
1.3043478261e-01, 6.5217391304e-02, -6.0511522067e-03,
1.7391304348e-01, 6.5217391304e-02, -1.0810689554e-02,
2.1739130435e-01, 6.5217391304e-02, -1.6321932243e-02,
2.6086956522e-01, 6.5217391304e-02, -2.2154143957e-02,
3.0434782609e-01, 6.5217391304e-02, -2.7911630117e-02,
3.4782608696e-01, 6.5217391304e-02, -3.3224336792e-02,
3.9130434783e-01, 6.5217391304e-02, -3.7734338301e-02,
4.3478260870e-01, 6.5217391304e-02, -4.1095554699e-02,
4.7826086957e-01, 6.5217391304e-02, -4.2992633995e-02,
5.2173913043e-01, 6.5217391304e-02, -4.3177105834e-02,
5.6521739130e-01, 6.5217391304e-02, -4.1514525881e-02,
6.0869565217e-01, 6.5217391304e-02, -3.8032034534e-02,
6.5217391304e-01, 6.5217391304e-02, -3.2953173299e-02,
6.9565217391e-01, 6.5217391304e-02, -2.6707316580e-02,
7.3913043478e-01, 6.5217391304e-02, -1.9902557918e-02,
7.8260869565e-01, 6.5217391304e-02, -1.3256526874e-02,
8.2608695652e-01, 6.5217391304e-02, -7.4887975857e-03,
8.6956521739e-01, 6.5217391304e-02, -3.1872944182e-03,
9.1304347826e-01, 6.5217391304e-02, -6.6523550445e-04,
9.5652173913e-01, 6.5217391304e-02, 1.7911237645e-04,
4.3478260870e-02, 1.0869565217e-01, -1.3664165932e-03,
8.6956521739e-02, 1.0869565217e-01, -5.2509077926e-03,
1.3043478261e-01, 1.0869565217e-01, -1.1236481623e-02,
1.7391304348e-01, 1.0869565217e-01, -1.8762834085e-02,
2.1739130435e-01, 1.0869565217e-01, -2.7227061513e-02,
2.6086956522e-01, 1.0869565217e-01, -3.6042892285e-02,
3.0434782609e-01, 1.0869565217e-01, -4.4656198097e-02,
3.4782608696e-01, 1.0869565217e-01, -5.2537855779e-02,
3.9130434783e-01, 1.0869565217e-01, -5.9176638941e-02,
4.3478260870e-01, 1.0869565217e-01, -6.4087220236e-02,
4.7826086957e-01, 1.0869565217e-01, -6.6838937647e-02,
5.2173913043e-01, 1.0869565217e-01, -6.7102364394e-02,
5.6521739130e-01, 1.0869565217e-01, -6.4706498227e-02,
6.0869565217e-01, 1.0869565217e-01, -5.9695239506e-02,
6.5217391304e-01, 1.0869565217e-01, -5.2369357249e-02,
6.9565217391e-01, 1.0869565217e-01, -4.3299784991e-02,
7.3913043478e-01, 1.0869565217e-01, -3.3298149595e-02,
7.8260869565e-01, 1.0869565217e-01, -2.3334426885e-02,
8.2608695652e-01, 1.0869565217e-01, -1.4401750029e-02,
8.6956521739e-01, 1.0869565217e-01, -7.3427011413e-03,
9.1304347826e-01, 1.0869565217e-01, -2.6668642337e-03,
9.5652173913e-01, 1.0869565217e-01, -3.9926102579e-04,
4.3478260870e-02, 1.5217391304e-01, -2.2607500442e-03,
8.6956521739e-02, 1.5217391304e-01, -8.0189093081e-03,
1.3043478261e-01, 1.5217391304e-01, -1.6378155038e-02,
1.7391304348e-01, 1.5217391304e-01, -2.6512568258e-02,
2.1739130435e-01, 1.5217391304e-01, -3.7659842292e-02,
2.6086956522e-01, 1.5217391304e-01, -4.9116117496e-02,
3.0434782609e-01, 1.5217391304e-01, -6.0221525985e-02,
3.4782608696e-01, 1.5217391304e-01, -7.0343367421e-02,
3.9130434783e-01, 1.5217391304e-01, -7.8869109426e-02,
4.3478260870e-01, 1.5217391304e-01, -8.5218055128e-02,
4.7826086957e-01, 1.5217391304e-01, -8.8874100466e-02,
5.2173913043e-01, 1.5217391304e-01, -8.9436004096e-02,
5.6521739130e-01, 1.5217391304e-01, -8.6678812307e-02,
6.0869565217e-01, 1.5217391304e-01, -8.0617193673e-02,
6.5217391304e-01, 1.5217391304e-01, -7.1558879418e-02,
6.9565217391e-01, 1.5217391304e-01, -6.0133422544e-02,
7.3913043478e-01, 1.5217391304e-01, -4.7277908057e-02,
7.8260869565e-01, 1.5217391304e-01, -3.4161082696e-02,
8.2608695652e-01, 1.5217391304e-01, -2.2036620528e-02,
8.6956521739e-01, 1.5217391304e-01, -1.2037222058e-02,
9.1304347826e-01, 1.5217391304e-01, -4.9506819578e-03,
9.5652173913e-01, 1.5217391304e-01, -1.0433777975e-03,
4.3478260870e-02, 1.9565217391e-01, -3.0764869500e-03,
8.6956521739e-02, 1.9565217391e-01, -1.0593013985e-02,
1.3043478261e-01, 1.9565217391e-01, -2.1185265235e-02,
1.7391304348e-01, 1.9565217391e-01, -3.3748904986e-02,
2.1739130435e-01, 1.9565217391e-01, -4.7364035744e-02,
2.6086956522e-01, 1.9565217391e-01, -6.1231867503e-02,
3.0434782609e-01, 1.9565217391e-01, -7.4623778061e-02,
3.4782608696e-01, 1.9565217391e-01, -8.6845835905e-02,
3.9130434783e-01, 1.9565217391e-01, -9.7223519750e-02,
4.3478260870e-01, 1.9565217391e-01, -1.0510949251e-01,
4.7826086957e-01, 1.9565217391e-01, -1.0991322143e-01,
5.2173913043e-01, 1.9565217391e-01, -1.1114913291e-01,
5.6521739130e-01, 1.9565217391e-01, -1.0849929656e-01,
6.0869565217e-01, 1.9565217391e-01, -1.0188557979e-01,
6.5217391304e-01, 1.9565217391e-01, -9.1542824011e-02,
6.9565217391e-01, 1.9565217391e-01, -7.8078356586e-02,
7.3913043478e-01, 1.9565217391e-01, -6.2493583990e-02,
7.8260869565e-01, 1.9565217391e-01, -4.6136083060e-02,
8.2608695652e-01, 1.9565217391e-01, -3.0555552534e-02,
8.6956521739e-01, 1.9565217391e-01, -1.7263258351e-02,
9.1304347826e-01, 1.9565217391e-01, -7.4427396680e-03,
9.5652173913e-01, 1.9565217391e-01, -1.7066833444e-03,
4.3478260870e-02, 2.3913043478e-01, -3.7935190464e-03,
8.6956521739e-02, 2.3913043478e-01, -1.2882904426e-02,
1.3043478261e-01, 2.3913043478e-01, -2.5490581365e-02,
1.7391304348e-01, 2.3913043478e-01, -4.0255940013e-02,
2.1739130435e-01, 2.3913043478e-01, -5.6116974527e-02,
2.6086956522e-01, 2.3913043478e-01, -7.2201758513e-02,
3.0434782609e-01, 2.3913043478e-01, -8.7742799119e-02,
3.4782608696e-01, 2.3913043478e-01, -1.0201880254e-01,
3.9130434783e-01, 2.3913043478e-01, -1.1432436301e-01,
4.3478260870e-01, 2.3913043478e-01, -1.2396629305e-01,
4.7826086957e-01, 2.3913043478e-01, -1.3028311641e-01,
5.2173913043e-01, 2.3913043478e-01, -1.3268527283e-01,
5.6521739130e-01, 2.3913043478e-01, -1.3071611680e-01,
6.0869565217e-01, 2.3913043478e-01, -1.2413396097e-01,
6.5217391304e-01, 2.3913043478e-01, -1.1301196638e-01,
6.9565217391e-01, 2.3913043478e-01, -9.7842976409e-02,
7.3913043478e-01, 2.3913043478e-01, -7.9619820841e-02,
7.8260869565e-01, 2.3913043478e-01, -5.9843372822e-02,
8.2608695652e-01, 2.3913043478e-01, -4.0404173329e-02,
8.6956521739e-01, 2.3913043478e-01, -2.3308355055e-02,
9.1304347826e-01, 2.3913043478e-01, -1.0289387391e-02,
9.5652173913e-01, 2.3913043478e-01, -2.4368270904e-03,
4.3478260870e-02, 2.8260869565e-01, -4.3961042689e-03,
8.6956521739e-02, 2.8260869565e-01, -1.4821720199e-02,
1.3043478261e-01, 2.8260869565e-01, -2.9160310292e-02,
1.7391304348e-01, 2.8260869565e-01, -4.5837901965e-02,
2.1739130435e-01, 2.8260869565e-01, -6.3677616505e-02,
2.6086956522e-01, 2.8260869565e-01, -8.1758922162e-02,
3.0434782609e-01, 2.8260869565e-01, -9.9303002908e-02,
3.4782608696e-01, 2.8260869565e-01, -1.1559115013e-01,
3.9130434783e-01, 2.8260869565e-01, -1.2991550659e-01,
4.3478260870e-01, 2.8260869565e-01, -1.4155782122e-01,
4.7826086957e-01, 2.8260869565e-01, -1.4979249705e-01,
5.2173913043e-01, 2.8260869565e-01, -1.5391286831e-01,
5.6521739130e-01, 2.8260869565e-01, -1.5328536160e-01,
6.0869565217e-01, 2.8260869565e-01, -1.4743843162e-01,
6.5217391304e-01, 2.8260869565e-01, -1.3619015356e-01,
6.9565217391e-01, 2.8260869565e-01, -1.1980751800e-01,
7.3913043478e-01, 2.8260869565e-01, -9.9167428161e-02,
7.8260869565e-01, 2.8260869565e-01, -7.5857212621e-02,
8.2608695652e-01, 2.8260869565e-01, -5.2124035993e-02,
8.6956521739e-01, 2.8260869565e-01, -3.0589494373e-02,
9.1304347826e-01, 2.8260869565e-01, -1.3734016121e-02,
9.5652173913e-01, 2.8260869565e-01, -3.3169808317e-03,
4.3478260870e-02, 3.2608695652e-01, -4.8643584774e-03,
8.6956521739e-02, 3.2608695652e-01, -1.6341524823e-02,
1.3043478261e-01, 3.2608695652e-01, -3.2061311544e-02,
1.7391304348e-01, 3.2608695652e-01, -5.0288789130e-02,
2.1739130435e-01, 3.2608695652e-01, -6.9764923020e-02,
2.6086956522e-01, 3.2608695652e-01, -8.9546185880e-02,
3.0434782609e-01, 3.2608695652e-01, -1.0886859475e-01,
3.4782608696e-01, 3.2608695652e-01, -1.2704495878e-01,
3.9130434783e-01, 3.2608695652e-01, -1.4339492211e-01,
4.3478260870e-01, 3.2608695652e-01, -1.5720264374e-01,
4.7826086957e-01, 3.2608695652e-01, -1.6769814021e-01,
5.2173913043e-01, 3.2608695652e-01, -1.7406352570e-01,
5.6521739130e-01, 3.2608695652e-01, -1.7547248438e-01,
6.0869565217e-01, 3.2608695652e-01, -1.7117673926e-01,
6.5217391304e-01, 3.2608695652e-01, -1.6065287364e-01,
6.9565217391e-01, 3.2608695652e-01, -1.4381425046e-01,
7.3913043478e-01, 3.2608695652e-01, -1.2126737944e-01,
7.8260869565e-01, 3.2608695652e-01, -9.4546273132e-02,
8.2608695652e-01, 3.2608695652e-01, -6.6196880994e-02,
8.6956521739e-01, 3.2608695652e-01, -3.9544751334e-02,
9.1304347826e-01, 3.2608695652e-01, -1.8054010988e-02,
9.5652173913e-01, 3.2608695652e-01, -4.4429208479e-03,
4.3478260870e-02, 3.6956521739e-01, -5.1765537300e-03,
8.6956521739e-02, 3.6956521739e-01, -1.7374771403e-02,
1.3043478261e-01, 3.6956521739e-01, -3.4062099216e-02,
1.7391304348e-01, 3.6956521739e-01, -5.3396372086e-02,
2.1739130435e-01, 3.6956521739e-01, -7.4068119947e-02,
2.6086956522e-01, 3.6956521739e-01, -9.5134298801e-02,
3.0434782609e-01, 3.6956521739e-01, -1.1586959111e-01,
3.4782608696e-01, 3.6956521739e-01, -1.3564677038e-01,
3.9130434783e-01, 3.6956521739e-01, -1.5384677612e-01,
4.3478260870e-01, 3.6956521739e-01, -1.6979412549e-01,
4.7826086957e-01, 3.6956521739e-01, -1.8271368492e-01,
5.2173913043e-01, 3.6956521739e-01, -1.9171109874e-01,
5.6521739130e-01, 3.6956521739e-01, -1.9578773826e-01,
6.0869565217e-01, 3.6956521739e-01, -1.9390904943e-01,
6.5217391304e-01, 3.6956521739e-01, -1.8515082364e-01,
6.9565217391e-01, 3.6956521739e-01, -1.6894560343e-01,
7.3913043478e-01, 3.6956521739e-01, -1.4543222897e-01,
7.8260869565e-01, 3.6956521739e-01, -1.1585827354e-01,
8.2608695652e-01, 3.6956521739e-01, -8.2887428475e-02,
8.6956521739e-01, 3.6956521739e-01, -5.0544724343e-02,
9.1304347826e-01, 3.6956521739e-01, -2.3524769110e-02,
9.5652173913e-01, 3.6956521739e-01, -5.9153203872e-03,
4.3478260870e-02, 4.1304347826e-01, -5.3156845200e-03,
8.6956521739e-02, 4.1304347826e-01, -1.7869031408e-02,
1.3043478261e-01, 4.1304347826e-01, -3.5055167127e-02,
1.7391304348e-01, 4.1304347826e-01, -5.4972483469e-02,
2.1739130435e-01, 4.1304347826e-01, -7.6286842728e-02,
2.6086956522e-01, 4.1304347826e-01, -9.8074120333e-02,
3.0434782609e-01, 4.1304347826e-01, -1.1966795213e-01,
3.4782608696e-01, 4.1304347826e-01, -1.4052837610e-01,
3.9130434783e-01, 4.1304347826e-01, -1.6013493533e-01,
4.3478260870e-01, 4.1304347826e-01, -1.7790128148e-01,
4.7826086957e-01, 4.1304347826e-01, -1.9310730129e-01,
5.2173913043e-01, 4.1304347826e-01, -2.0485020181e-01,
5.6521739130e-01, 4.1304347826e-01, -2.1202502452e-01,
6.0869565217e-01, 4.1304347826e-01, -2.1335576101e-01,
6.5217391304e-01, 4.1304347826e-01, -2.0751100677e-01,
6.9565217391e-01, 4.1304347826e-01, -1.9334826069e-01,
7.3913043478e-01, 4.1304347826e-01, -1.7032699004e-01,
7.8260869565e-01, 4.1304347826e-01, -1.3908655111e-01,
8.2608695652e-01, 4.1304347826e-01, -1.0206255486e-01,
8.6956521739e-01, 4.1304347826e-01, -6.3795497034e-02,
9.1304347826e-01, 4.1304347826e-01, -3.0389941822e-02,
9.5652173913e-01, 4.1304347826e-01, -7.8376557650e-03,
4.3478260870e-02, 4.5652173913e-01, -5.2782661479e-03,
8.6956521739e-02, 4.5652173913e-01, -1.7809794402e-02,
1.3043478261e-01, 4.5652173913e-01, -3.4993617008e-02,
1.7391304348e-01, 4.5652173913e-01, -5.4903146568e-02,
2.1739130435e-01, 4.5652173913e-01, -7.6196164540e-02,
2.6086956522e-01, 4.5652173913e-01, -9.7980133434e-02,
3.0434782609e-01, 4.5652173913e-01, -1.1966429530e-01,
3.4782608696e-01, 4.5652173913e-01, -1.4082153168e-01,
3.9130434783e-01, 4.5652173913e-01, -1.6106867543e-01,
4.3478260870e-01, 4.5652173913e-01, -1.7996432702e-01,
4.7826086957e-01, 4.5652173913e-01, -1.9691960159e-01,
5.2173913043e-01, 4.5652173913e-01, -2.1112032836e-01,
5.6521739130e-01, 4.5652173913e-01, -2.2146681201e-01,
6.0869565217e-01, 4.5652173913e-01, -2.2655007708e-01,
6.5217391304e-01, 4.5652173913e-01, -2.2470263579e-01,
6.9565217391e-01, 4.5652173913e-01, -2.1418817938e-01,
7.3913043478e-01, 4.5652173913e-01, -1.9361565129e-01,
7.8260869565e-01, 4.5652173913e-01, -1.6265049560e-01,
8.2608695652e-01, 4.5652173913e-01, -1.2298306477e-01,
8.6956521739e-01, 4.5652173913e-01, -7.9212177684e-02,
9.1304347826e-01, 4.5652173913e-01, -3.8822818925e-02,
9.5652173913e-01, 4.5652173913e-01, -1.0314959575e-02,
4.3478260870e-02, 5.0000000000e-01, -5.0847401103e-03,
8.6956521739e-02, 5.0000000000e-01, -1.7248687026e-02,
1.3043478261e-01, 5.0000000000e-01, -3.3937286422e-02,
1.7391304348e-01, 5.0000000000e-01, -5.3211459206e-02,
2.1739130435e-01, 5.0000000000e-01, -7.3727551337e-02,
2.6086956522e-01, 5.0000000000e-01, -9.4634343251e-02,
3.0434782609e-01, 5.0000000000e-01, -1.1543273438e-01,
3.4782608696e-01, 5.0000000000e-01, -1.3583318614e-01,
3.9130434783e-01, 5.0000000000e-01, -1.5562727292e-01,
4.3478260870e-01, 5.0000000000e-01, -1.7457437303e-01,
4.7826086957e-01, 5.0000000000e-01, -1.9229774598e-01,
5.2173913043e-01, 5.0000000000e-01, -2.0818351238e-01,
5.6521739130e-01, 5.0000000000e-01, -2.2128098179e-01,
6.0869565217e-01, 5.0000000000e-01, -2.3021465882e-01,
6.5217391304e-01, 5.0000000000e-01, -2.3314178632e-01,
6.9565217391e-01, 5.0000000000e-01, -2.2782948808e-01,
7.3913043478e-01, 5.0000000000e-01, -2.1197861436e-01,
7.8260869565e-01, 5.0000000000e-01, -1.8396224157e-01,
8.2608695652e-01, 5.0000000000e-01, -1.4409654635e-01,
8.6956521739e-01, 5.0000000000e-01, -9.6254581432e-02,
9.1304347826e-01, 5.0000000000e-01, -4.8866523546e-02,
9.5652173913e-01, 5.0000000000e-01, -1.3450981209e-02,
4.3478260870e-02, 5.4347826087e-01, -4.7917289460e-03,
8.6956521739e-02, 5.4347826087e-01, -1.6336340785e-02,
1.3043478261e-01, 5.4347826087e-01, -3.2104466439e-02,
1.7391304348e-01, 5.4347826087e-01, -5.0124758322e-02,
2.1739130435e-01, 5.4347826087e-01, -6.9051693626e-02,
2.6086956522e-01, 5.4347826087e-01, -8.8090332299e-02,
3.0434782609e-01, 5.4347826087e-01, -1.0685625179e-01,
3.4782608696e-01, 5.4347826087e-01, -1.2522540884e-01,
3.9130434783e-01, 5.4347826087e-01, -1.4319877709e-01,
4.3478260870e-01, 5.4347826087e-01, -1.6078424590e-01,
4.7826086957e-01, 5.4347826087e-01, -1.7788724939e-01,
5.2173913043e-01, 5.4347826087e-01, -1.9419782341e-01,
5.6521739130e-01, 5.4347826087e-01, -2.0906264164e-01,
6.0869565217e-01, 5.4347826087e-01, -2.2133866727e-01,
6.5217391304e-01, 5.4347826087e-01, -2.2924691040e-01,
6.9565217391e-01, 5.4347826087e-01, -2.3029155437e-01,
7.3913043478e-01, 5.4347826087e-01, -2.2139150118e-01,
7.8260869565e-01, 5.4347826087e-01, -1.9948053471e-01,
8.2608695652e-01, 5.4347826087e-01, -1.6290209675e-01,
8.6956521739e-01, 5.4347826087e-01, -1.1374147189e-01,
9.1304347826e-01, 5.4347826087e-01, -6.0344385843e-02,
9.5652173913e-01, 5.4347826087e-01, -1.7343805440e-02,
4.3478260870e-02, 5.8695652174e-01, -4.5082634970e-03,
8.6956521739e-02, 5.8695652174e-01, -1.5362065022e-02,
1.3043478261e-01, 5.8695652174e-01, -2.9926973731e-02,
1.7391304348e-01, 5.8695652174e-01, -4.6136354467e-02,
2.1739130435e-01, 5.8695652174e-01, -6.2644585335e-02,
2.6086956522e-01, 5.8695652174e-01, -7.8748571565e-02,
3.0434782609e-01, 5.8695652174e-01, -9.4221750122e-02,
3.4782608696e-01, 5.8695652174e-01, -1.0914408760e-01,
3.9130434783e-01, 5.8695652174e-01, -1.2375866420e-01,
4.3478260870e-01, 5.8695652174e-01, -1.3835482277e-01,
4.7826086957e-01, 5.8695652174e-01, -1.5316420539e-01,
5.2173913043e-01, 5.8695652174e-01, -1.6825125227e-01,
5.6521739130e-01, 5.8695652174e-01, -1.8337746925e-01,
6.0869565217e-01, 5.8695652174e-01, -1.9782049352e-01,
6.5217391304e-01, 5.8695652174e-01, -2.1014152326e-01,
6.9565217391e-01, 5.8695652174e-01, -2.1793442048e-01,
7.3913043478e-01, 5.8695652174e-01, -2.1768337478e-01,
7.8260869565e-01, 5.8695652174e-01, -2.0502991944e-01,
8.2608695652e-01, 5.8695652174e-01, -1.7598262195e-01,
8.6956521739e-01, 5.8695652174e-01, -1.2969426968e-01,
9.1304347826e-01, 5.8695652174e-01, -7.2738994999e-02,
9.5652173913e-01, 5.8695652174e-01, -2.2083079063e-02,
4.3478260870e-02, 6.3043478261e-01, -4.4226313422e-03,
8.6956521739e-02, 6.3043478261e-01, -1.4807901152e-02,
1.3043478261e-01, 6.3043478261e-01, -2.8108471307e-02,
1.7391304348e-01, 6.3043478261e-01, -4.2049690328e-02,
2.1739130435e-01, 6.3043478261e-01, -5.5312104880e-02,
2.6086956522e-01, 6.3043478261e-01, -6.7365915170e-02,
3.0434782609e-01, 6.3043478261e-01, -7.8223791282e-02,
3.4782608696e-01, 6.3043478261e-01, -8.8228139420e-02,
3.9130434783e-01, 6.3043478261e-01, -9.7897207972e-02,
4.3478260870e-01, 6.3043478261e-01, -1.0781661353e-01,
4.7826086957e-01, 6.3043478261e-01, -1.1855274665e-01,
5.2173913043e-01, 6.3043478261e-01, -1.3056358684e-01,
5.6521739130e-01, 6.3043478261e-01, -1.4408053195e-01,
6.0869565217e-01, 6.3043478261e-01, -1.5893031481e-01,
6.5217391304e-01, 6.3043478261e-01, -1.7426350387e-01,
6.9565217391e-01, 6.3043478261e-01, -1.8817158520e-01,
7.3913043478e-01, 6.3043478261e-01, -1.9724867565e-01,
7.8260869565e-01, 6.3043478261e-01, -1.9635779004e-01,
8.2608695652e-01, 6.3043478261e-01, -1.7926221531e-01,
8.6956521739e-01, 6.3043478261e-01, -1.4128021350e-01,
9.1304347826e-01, 6.3043478261e-01, -8.5048080153e-02,
9.5652173913e-01, 6.3043478261e-01, -2.7751030680e-02,
4.3478260870e-02, 6.7391304348e-01, -4.8547674676e-03,
8.6956521739e-02, 6.7391304348e-01, -1.5430992234e-02,
1.3043478261e-01, 6.7391304348e-01, -2.7682208816e-02,
1.7391304348e-01, 6.7391304348e-01, -3.8979417217e-02,
2.1739130435e-01, 6.7391304348e-01, -4.8129416044e-02,
2.6086956522e-01, 6.7391304348e-01, -5.4941688775e-02,
3.0434782609e-01, 6.7391304348e-01, -5.9807356395e-02,
3.4782608696e-01, 6.7391304348e-01, -6.3416112101e-02,
3.9130434783e-01, 6.7391304348e-01, -6.6595344236e-02,
4.3478260870e-01, 6.7391304348e-01, -7.0222939675e-02,
4.7826086957e-01, 6.7391304348e-01, -7.5172289340e-02,
5.2173913043e-01, 6.7391304348e-01, -8.2259308120e-02,
5.6521739130e-01, 6.7391304348e-01, -9.2164751669e-02,
6.0869565217e-01, 6.7391304348e-01, -1.0529832265e-01,
6.5217391304e-01, 6.7391304348e-01, -1.2155349205e-01,
6.9565217391e-01, 6.7391304348e-01, -1.3988153110e-01,
7.3913043478e-01, 6.7391304348e-01, -1.5762831474e-01,
7.8260869565e-01, 6.7391304348e-01, -1.6973681584e-01,
8.2608695652e-01, 6.7391304348e-01, -1.6842045779e-01,
8.6956521739e-01, 6.7391304348e-01, -1.4488348587e-01,
9.1304347826e-01, 6.7391304348e-01, -9.5625949766e-02,
9.5652173913e-01, 6.7391304348e-01, -3.4410284179e-02,
4.3478260870e-02, 7.1739130435e-01, -6.3620474636e-03,
8.6956521739e-02, 7.1739130435e-01, -1.8383910392e-02,
1.3043478261e-01, 7.1739130435e-01, -3.0029690570e-02,
1.7391304348e-01, 7.1739130435e-01, -3.8224758984e-02,
2.1739130435e-01, 7.1739130435e-01, -4.2178747627e-02,
2.6086956522e-01, 7.1739130435e-01, -4.2345293106e-02,
3.0434782609e-01, 7.1739130435e-01, -3.9705083239e-02,
3.4782608696e-01, 7.1739130435e-01, -3.5402510984e-02,
3.9130434783e-01, 7.1739130435e-01, -3.0602562816e-02,
4.3478260870e-01, 7.1739130435e-01, -2.6451117692e-02,
4.7826086957e-01, 7.1739130435e-01, -2.4070590450e-02,
5.2173913043e-01, 7.1739130435e-01, -2.4556740893e-02,
5.6521739130e-01, 7.1739130435e-01, -2.8955799596e-02,
6.0869565217e-01, 7.1739130435e-01, -3.8197137732e-02,
6.5217391304e-01, 7.1739130435e-01, -5.2932293733e-02,
6.9565217391e-01, 7.1739130435e-01, -7.3179957033e-02,
7.3913043478e-01, 7.1739130435e-01, -9.7607624322e-02,
7.8260869565e-01, 7.1739130435e-01, -1.2229351930e-01,
8.2608695652e-01, 7.1739130435e-01, -1.3923242279e-01,
8.6956521739e-01, 7.1739130435e-01, -1.3620499360e-01,
9.1304347826e-01, 7.1739130435e-01, -1.0197947933e-01,
9.5652173913e-01, 7.1739130435e-01, -4.2005939354e-02,
4.3478260870e-02, 7.6086956522e-01, -9.9379743436e-03,
8.6956521739e-02, 7.6086956522e-01, -2.5320495860e-02,
1.3043478261e-01, 7.6086956522e-01, -3.6671546754e-02,
1.7391304348e-01, 7.6086956522e-01, -4.0719252961e-02,
2.1739130435e-01, 7.6086956522e-01, -3.7726905660e-02,
2.6086956522e-01, 7.6086956522e-01, -2.9300045353e-02,
3.0434782609e-01, 7.6086956522e-01, -1.7284977455e-02,
3.4782608696e-01, 7.6086956522e-01, -3.3844288212e-03,
3.9130434783e-01, 7.6086956522e-01, 1.0897808231e-02,
4.3478260870e-01, 7.6086956522e-01, 2.4202140743e-02,
4.7826086957e-01, 7.6086956522e-01, 3.5241670618e-02,
5.2173913043e-01, 7.6086956522e-01, 4.2744683597e-02,
5.6521739130e-01, 7.6086956522e-01, 4.5419241026e-02,
6.0869565217e-01, 7.6086956522e-01, 4.1947589884e-02,
6.5217391304e-01, 7.6086956522e-01, 3.1038615782e-02,
6.9565217391e-01, 7.6086956522e-01, 1.1624001373e-02,
7.3913043478e-01, 7.6086956522e-01, -1.6586029164e-02,
7.8260869565e-01, 7.6086956522e-01, -5.1772597068e-02,
8.2608695652e-01, 7.6086956522e-01, -8.7525275995e-02,
8.6956521739e-01, 7.6086956522e-01, -1.1012531051e-01,
9.1304347826e-01, 7.6086956522e-01, -1.0036498853e-01,
9.5652173913e-01, 7.6086956522e-01, -5.0015410071e-02,
4.3478260870e-02, 8.0434782609e-01, -1.7310373327e-02,
8.6956521739e-02, 8.0434782609e-01, -3.8135203767e-02,
1.3043478261e-01, 8.0434782609e-01, -4.8101402998e-02,
1.7391304348e-01, 8.0434782609e-01, -4.5099988555e-02,
2.1739130435e-01, 8.0434782609e-01, -3.1807776028e-02,
2.6086956522e-01, 8.0434782609e-01, -1.1718018821e-02,
3.0434782609e-01, 8.0434782609e-01, 1.2197874481e-02,
3.4782608696e-01, 8.0434782609e-01, 3.7666457364e-02,
3.9130434783e-01, 8.0434782609e-01, 6.2934623917e-02,
4.3478260870e-01, 8.0434782609e-01, 8.6551143044e-02,
4.7826086957e-01, 8.0434782609e-01, 1.0719311443e-01,
5.2173913043e-01, 8.0434782609e-01, 1.2354319060e-01,
5.6521739130e-01, 8.0434782609e-01, 1.3420335315e-01,
6.0869565217e-01, 8.0434782609e-01, 1.3763236919e-01,
6.5217391304e-01, 8.0434782609e-01, 1.3210735174e-01,
6.9565217391e-01, 8.0434782609e-01, 1.1574666019e-01,
7.3913043478e-01, 8.0434782609e-01, 8.6748989907e-02,
7.8260869565e-01, 8.0434782609e-01, 4.4334426932e-02,
8.2608695652e-01, 8.0434782609e-01, -8.5519382161e-03,
8.6956521739e-01, 8.0434782609e-01, -5.9967807340e-02,
9.1304347826e-01, 8.0434782609e-01, -8.4800536880e-02,
9.5652173913e-01, 8.0434782609e-01, -5.6547553724e-02,
4.3478260870e-02, 8.4782608696e-01, -3.1010551408e-02,
8.6956521739e-02, 8.4782608696e-01, -5.6719641147e-02,
1.3043478261e-01, 8.4782608696e-01, -5.9150304264e-02,
1.7391304348e-01, 8.4782608696e-01, -4.1695294540e-02,
2.1739130435e-01, 8.4782608696e-01, -1.1803765753e-02,
2.6086956522e-01, 8.4782608696e-01, 2.4515411698e-02,
3.0434782609e-01, 8.4782608696e-01, 6.3306688468e-02,
3.4782608696e-01, 8.4782608696e-01, 1.0207408526e-01,
3.9130434783e-01, 8.4782608696e-01, 1.3915503948e-01,
4.3478260870e-01, 8.4782608696e-01, 1.7328498905e-01,
4.7826086957e-01, 8.4782608696e-01, 2.0332602764e-01,
5.2173913043e-01, 8.4782608696e-01, 2.2809899938e-01,
5.6521739130e-01, 8.4782608696e-01, 2.4627122012e-01,
6.0869565217e-01, 8.4782608696e-01, 2.5626780206e-01,
6.5217391304e-01, 8.4782608696e-01, 2.5618623372e-01,
6.9565217391e-01, 8.4782608696e-01, 2.4370466677e-01,
7.3913043478e-01, 8.4782608696e-01, 2.1601570100e-01,
7.8260869565e-01, 8.4782608696e-01, 1.7004800497e-01,
8.2608695652e-01, 8.4782608696e-01, 1.0414844546e-01,
8.6956521739e-01, 8.4782608696e-01, 2.4181372325e-02,
9.1304347826e-01, 8.4782608696e-01, -4.4691666321e-02,
9.5652173913e-01, 8.4782608696e-01, -5.6249385678e-02,
4.3478260870e-02, 8.9130434783e-01, -5.1476867857e-02,
8.6956521739e-02, 8.9130434783e-01, -6.7783891718e-02,
1.3043478261e-01, 8.9130434783e-01, -4.3365525744e-02,
1.7391304348e-01, 8.9130434783e-01, 3.0937099357e-03,
2.1739130435e-01, 8.9130434783e-01, 5.8013164495e-02,
2.6086956522e-01, 8.9130434783e-01, 1.1432630327e-01,
3.0434782609e-01, 8.9130434783e-01, 1.6871262195e-01,
3.4782608696e-01, 8.9130434783e-01, 2.1962476502e-01,
3.9130434783e-01, 8.9130434783e-01, 2.6624778730e-01,
4.3478260870e-01, 8.9130434783e-01, 3.0798583448e-01,
4.7826086957e-01, 8.9130434783e-01, 3.4420680273e-01,
5.2173913043e-01, 8.9130434783e-01, 3.7410656375e-01,
5.6521739130e-01, 8.9130434783e-01, 3.9662413103e-01,
6.0869565217e-01, 8.9130434783e-01, 4.1037056741e-01,
6.5217391304e-01, 8.9130434783e-01, 4.1354544327e-01,
6.9565217391e-01, 8.9130434783e-01, 4.0380957768e-01,
7.3913043478e-01, 8.9130434783e-01, 3.7805877681e-01,
7.8260869565e-01, 8.9130434783e-01, 3.3203187204e-01,
8.2608695652e-01, 8.9130434783e-01, 2.6010298988e-01,
8.6956521739e-01, 8.9130434783e-01, 1.5840685453e-01,
9.1304347826e-01, 8.9130434783e-01, 4.0780084595e-02,
9.5652173913e-01, 8.9130434783e-01, -3.4855283691e-02,
4.3478260870e-02, 9.3478260870e-01, -4.9928145140e-02,
8.6956521739e-02, 9.3478260870e-01, 1.7170288190e-03,
1.3043478261e-01, 9.3478260870e-01, 8.7262221782e-02,
1.7391304348e-01, 9.3478260870e-01, 1.7382519110e-01,
2.1739130435e-01, 9.3478260870e-01, 2.5230958771e-01,
2.6086956522e-01, 9.3478260870e-01, 3.2144180013e-01,
3.0434782609e-01, 9.3478260870e-01, 3.8197330125e-01,
3.4782608696e-01, 9.3478260870e-01, 4.3492069735e-01,
3.9130434783e-01, 9.3478260870e-01, 4.8107239698e-01,
4.3478260870e-01, 9.3478260870e-01, 5.2086937335e-01,
4.7826086957e-01, 9.3478260870e-01, 5.5438989184e-01,
5.2173913043e-01, 9.3478260870e-01, 5.8135694768e-01,
5.6521739130e-01, 9.3478260870e-01, 6.0114266006e-01,
6.0869565217e-01, 9.3478260870e-01, 6.1275742465e-01,
6.5217391304e-01, 9.3478260870e-01, 6.1480919562e-01,
6.9565217391e-01, 9.3478260870e-01, 6.0540032791e-01,
7.3913043478e-01, 9.3478260870e-01, 5.8188052732e-01,
7.8260869565e-01, 9.3478260870e-01, 5.4024516591e-01,
8.2608695652e-01, 9.3478260870e-01, 4.7365037168e-01,
8.6956521739e-01, 9.3478260870e-01, 3.6973201835e-01,
9.1304347826e-01, 9.3478260870e-01, 2.1648888725e-01,
9.5652173913e-01, 9.3478260870e-01, 4.8941758827e-02,
4.3478260870e-02, 9.7826086957e-01, 2.2546365785e-01,
8.6956521739e-02, 9.7826086957e-01, 4.0748746048e-01,
1.3043478261e-01, 9.7826086957e-01, 5.2891214938e-01,
1.7391304348e-01, 9.7826086957e-01, 6.1200104342e-01,
2.1739130435e-01, 9.7826086957e-01, 6.7204902016e-01,
2.6086956522e-01, 9.7826086957e-01, 7.1767913730e-01,
3.0434782609e-01, 9.7826086957e-01, 7.5371637418e-01,
3.4782608696e-01, 9.7826086957e-01, 7.8291530274e-01,
3.9130434783e-01, 9.7826086957e-01, 8.0685499294e-01,
4.3478260870e-01, 9.7826086957e-01, 8.2639874640e-01,
4.7826086957e-01, 9.7826086957e-01, 8.4193666255e-01,
5.2173913043e-01, 9.7826086957e-01, 8.5351856241e-01,
5.6521739130e-01, 9.7826086957e-01, 8.6092906016e-01,
6.0869565217e-01, 9.7826086957e-01, 8.6372748216e-01,
6.5217391304e-01, 9.7826086957e-01, 8.6125681098e-01,
6.9565217391e-01, 9.7826086957e-01, 8.5260406927e-01,
7.3913043478e-01, 9.7826086957e-01, 8.3645103251e-01,
7.8260869565e-01, 9.7826086957e-01, 8.1063792138e-01,
8.2608695652e-01, 9.7826086957e-01, 7.7089557905e-01,
8.6956521739e-01, 9.7826086957e-01, 7.0680762512e-01,
9.1304347826e-01, 9.7826086957e-01, 5.8720914468e-01,
9.5652173913e-01, 9.7826086957e-01, 3.4258778638e-01,
