TITLE="vgrid_n=25Re=100.dat" VARIABLES="x", "y", "v" ZONE T="vgrid_n=25Re=100.dat" I=23 J=22 F=POINT
2.1739130435e-02, 4.3478260870e-02, -2.1174508062e-04,
6.5217391304e-02, 4.3478260870e-02, 4.3986953051e-04,
1.0869565217e-01, 4.3478260870e-02, 1.1943519069e-03,
1.5217391304e-01, 4.3478260870e-02, 1.7666908155e-03,
1.9565217391e-01, 4.3478260870e-02, 2.1164509480e-03,
2.3913043478e-01, 4.3478260870e-02, 2.2724626598e-03,
2.8260869565e-01, 4.3478260870e-02, 2.2674804053e-03,
3.2608695652e-01, 4.3478260870e-02, 2.1189511914e-03,
3.6956521739e-01, 4.3478260870e-02, 1.8297409555e-03,
4.1304347826e-01, 4.3478260870e-02, 1.3972135635e-03,
4.5652173913e-01, 4.3478260870e-02, 8.2482848096e-04,
5.0000000000e-01, 4.3478260870e-02, 1.3289782857e-04,
5.4347826087e-01, 4.3478260870e-02, -6.3403847213e-04,
5.8695652174e-01, 4.3478260870e-02, -1.4052493416e-03,
6.3043478261e-01, 4.3478260870e-02, -2.0889736001e-03,
6.7391304348e-01, 4.3478260870e-02, -2.5853655122e-03,
7.1739130435e-01, 4.3478260870e-02, -2.8059155780e-03,
7.6086956522e-01, 4.3478260870e-02, -2.6953826807e-03,
8.0434782609e-01, 4.3478260870e-02, -2.2507166146e-03,
8.4782608696e-01, 4.3478260870e-02, -1.5326947977e-03,
8.9130434783e-01, 4.3478260870e-02, -6.7312052540e-04,
9.3478260870e-01, 4.3478260870e-02, 1.0489671890e-04,
9.7826086957e-01, 4.3478260870e-02, 4.1811672561e-04,
2.1739130435e-02, 8.6956521739e-02, 2.4713506568e-04,
6.5217391304e-02, 8.6956521739e-02, 2.4654246264e-03,
1.0869565217e-01, 8.6956521739e-02, 4.7610616404e-03,
1.5217391304e-01, 8.6956521739e-02, 6.5262692905e-03,
1.9565217391e-01, 8.6956521739e-02, 7.6276881842e-03,
2.3913043478e-01, 8.6956521739e-02, 8.1046478980e-03,
2.8260869565e-01, 8.6956521739e-02, 8.0249841660e-03,
3.2608695652e-01, 8.6956521739e-02, 7.4316444895e-03,
3.6956521739e-01, 8.6956521739e-02, 6.3397236218e-03,
4.1304347826e-01, 8.6956521739e-02, 4.7584445636e-03,
4.5652173913e-01, 8.6956521739e-02, 2.7218962752e-03,
5.0000000000e-01, 8.6956521739e-02, 3.1734584745e-04,
5.4347826087e-01, 8.6956521739e-02, -2.2966025245e-03,
5.8695652174e-01, 8.6956521739e-02, -4.8877441020e-03,
6.3043478261e-01, 8.6956521739e-02, -7.1678453437e-03,
6.7391304348e-01, 8.6956521739e-02, -8.8312168241e-03,
7.1739130435e-01, 8.6956521739e-02, -9.6106769943e-03,
7.6086956522e-01, 8.6956521739e-02, -9.3414213565e-03,
8.0434782609e-01, 8.6956521739e-02, -8.0184412732e-03,
8.4782608696e-01, 8.6956521739e-02, -5.8341987390e-03,
8.9130434783e-01, 8.6956521739e-02, -3.1951901601e-03,
9.3478260870e-01, 8.6956521739e-02, -7.3944519079e-04,
9.7826086957e-01, 8.6956521739e-02, 5.9722474897e-04,
2.1739130435e-02, 1.3043478261e-01, 1.6136056291e-03,
6.5217391304e-02, 1.3043478261e-01, 6.3499006094e-03,
1.0869565217e-01, 1.3043478261e-01, 1.0746587939e-02,
1.5217391304e-01, 1.3043478261e-01, 1.4052658474e-02,
1.9565217391e-01, 1.3043478261e-01, 1.6091905825e-02,
2.3913043478e-01, 1.3043478261e-01, 1.6920464275e-02,
2.8260869565e-01, 1.3043478261e-01, 1.6638302936e-02,
3.2608695652e-01, 1.3043478261e-01, 1.5313309572e-02,
3.6956521739e-01, 1.3043478261e-01, 1.2978483047e-02,
4.1304347826e-01, 1.3043478261e-01, 9.6690424777e-03,
4.5652173913e-01, 1.3043478261e-01, 5.4736126237e-03,
5.0000000000e-01, 1.3043478261e-01, 5.8075434889e-04,
5.4347826087e-01, 1.3043478261e-01, -4.6924569545e-03,
5.8695652174e-01, 1.3043478261e-01, -9.8990045284e-03,
6.3043478261e-01, 1.3043478261e-01, -1.4493734520e-02,
6.7391304348e-01, 1.3043478261e-01, -1.7900774356e-02,
7.1739130435e-01, 1.3043478261e-01, -1.9612319813e-02,
7.6086956522e-01, 1.3043478261e-01, -1.9305157947e-02,
8.0434782609e-01, 1.3043478261e-01, -1.6951109106e-02,
8.4782608696e-01, 1.3043478261e-01, -1.2893249309e-02,
8.9130434783e-01, 1.3043478261e-01, -7.8710385179e-03,
9.3478260870e-01, 1.3043478261e-01, -3.0070412147e-03,
9.7826086957e-01, 1.3043478261e-01, 1.9796098721e-04,
2.1739130435e-02, 1.7391304348e-01, 3.8744018762e-03,
6.5217391304e-02, 1.7391304348e-01, 1.2108049117e-02,
1.0869565217e-01, 1.7391304348e-01, 1.9105791150e-02,
1.5217391304e-01, 1.7391304348e-01, 2.4187106950e-02,
1.9565217391e-01, 1.7391304348e-01, 2.7239179031e-02,
2.3913043478e-01, 1.7391304348e-01, 2.8376722215e-02,
2.8260869565e-01, 1.7391304348e-01, 2.7743711016e-02,
3.2608695652e-01, 1.7391304348e-01, 2.5435148533e-02,
3.6956521739e-01, 1.7391304348e-01, 2.1504207059e-02,
4.1304347826e-01, 1.7391304348e-01, 1.6017996963e-02,
4.5652173913e-01, 1.7391304348e-01, 9.1296565186e-03,
5.0000000000e-01, 1.7391304348e-01, 1.1426514908e-03,
5.4347826087e-01, 1.7391304348e-01, -7.4496457346e-03,
5.8695652174e-01, 1.7391304348e-01, -1.5960630102e-02,
6.3043478261e-01, 1.7391304348e-01, -2.3552062163e-02,
6.7391304348e-01, 1.7391304348e-01, -2.9326223170e-02,
7.1739130435e-01, 1.7391304348e-01, -3.2467830843e-02,
7.6086956522e-01, 1.7391304348e-01, -3.2421992154e-02,
8.0434782609e-01, 1.7391304348e-01, -2.9075566128e-02,
8.4782608696e-01, 1.7391304348e-01, -2.2892648346e-02,
8.9130434783e-01, 1.7391304348e-01, -1.4957571475e-02,
9.3478260870e-01, 1.7391304348e-01, -6.9143448785e-03,
9.7826086957e-01, 1.7391304348e-01, -8.4541433252e-04,
2.1739130435e-02, 2.1739130435e-01, 6.9509213119e-03,
6.5217391304e-02, 2.1739130435e-01, 1.9624575669e-02,
1.0869565217e-01, 2.1739130435e-01, 2.9698000886e-02,
1.5217391304e-01, 2.1739130435e-01, 3.6750777584e-02,
1.9565217391e-01, 2.1739130435e-01, 4.0854302134e-02,
2.3913043478e-01, 2.1739130435e-01, 4.2244540517e-02,
2.8260869565e-01, 2.1739130435e-01, 4.1135626838e-02,
3.2608695652e-01, 2.1739130435e-01, 3.7657194494e-02,
3.6956521739e-01, 2.1739130435e-01, 3.1881884855e-02,
4.1304347826e-01, 2.1739130435e-01, 2.3903970282e-02,
4.5652173913e-01, 2.1739130435e-01, 1.3933383109e-02,
5.0000000000e-01, 2.1739130435e-01, 2.3785547299e-03,
5.4347826087e-01, 2.1739130435e-01, -1.0099471971e-02,
5.8695652174e-01, 2.1739130435e-01, -2.2574348737e-02,
6.3043478261e-01, 2.1739130435e-01, -3.3894832524e-02,
6.7391304348e-01, 2.1739130435e-01, -4.2790687136e-02,
7.1739130435e-01, 2.1739130435e-01, -4.8052603553e-02,
7.6086956522e-01, 2.1739130435e-01, -4.8779500619e-02,
8.0434782609e-01, 2.1739130435e-01, -4.4656090230e-02,
8.4782608696e-01, 2.1739130435e-01, -3.6184955017e-02,
8.9130434783e-01, 2.1739130435e-01, -2.4778084111e-02,
9.3478260870e-01, 2.1739130435e-01, -1.2650408277e-02,
9.7826086957e-01, 2.1739130435e-01, -2.5520990136e-03,
2.1739130435e-02, 2.6086956522e-01, 1.0744473202e-02,
6.5217391304e-02, 2.6086956522e-01, 2.8713954023e-02,
1.0869565217e-01, 2.6086956522e-01, 4.2305643290e-02,
1.5217391304e-01, 2.6086956522e-01, 5.1516167434e-02,
1.9565217391e-01, 2.6086956522e-01, 5.6715331850e-02,
2.3913043478e-01, 2.6086956522e-01, 5.8329300358e-02,
2.8260869565e-01, 2.6086956522e-01, 5.6676693401e-02,
3.2608695652e-01, 2.6086956522e-01, 5.1933186692e-02,
3.6956521739e-01, 2.6086956522e-01, 4.4187431937e-02,
4.1304347826e-01, 2.6086956522e-01, 3.3545908346e-02,
4.5652173913e-01, 2.6086956522e-01, 2.0250194537e-02,
5.0000000000e-01, 2.6086956522e-01, 4.7807040536e-03,
5.4347826087e-01, 2.6086956522e-01, -1.2068619484e-02,
5.8695652174e-01, 2.6086956522e-01, -2.9156500337e-02,
6.3043478261e-01, 2.6086956522e-01, -4.5016828684e-02,
6.7391304348e-01, 2.6086956522e-01, -5.7959668025e-02,
7.1739130435e-01, 2.6086956522e-01, -6.6275762392e-02,
7.6086956522e-01, 2.6086956522e-01, -6.8555959868e-02,
8.0434782609e-01, 2.6086956522e-01, -6.4095282123e-02,
8.4782608696e-01, 2.6086956522e-01, -5.3280777064e-02,
8.9130434783e-01, 2.6086956522e-01, -3.7797048229e-02,
9.3478260870e-01, 2.6086956522e-01, -2.0502969379e-02,
9.7826086957e-01, 2.6086956522e-01, -4.9889289931e-03,
2.1739130435e-02, 3.0434782609e-01, 1.5140607816e-02,
6.5217391304e-02, 3.0434782609e-01, 3.9139559628e-02,
1.0869565217e-01, 3.0434782609e-01, 5.6644207853e-02,
1.5217391304e-01, 3.0434782609e-01, 6.8193774621e-02,
1.9565217391e-01, 3.0434782609e-01, 7.4555051146e-02,
2.3913043478e-01, 3.0434782609e-01, 7.6410596208e-02,
2.8260869565e-01, 3.0434782609e-01, 7.4220773745e-02,
3.2608695652e-01, 3.0434782609e-01, 6.8221347691e-02,
3.6956521739e-01, 3.0434782609e-01, 5.8511771301e-02,
4.1304347826e-01, 3.0434782609e-01, 4.5188241319e-02,
4.5652173913e-01, 3.0434782609e-01, 2.8484871843e-02,
5.0000000000e-01, 3.0434782609e-01, 8.9010546504e-03,
5.4347826087e-01, 3.0434782609e-01, -1.2696122524e-02,
5.8695652174e-01, 3.0434782609e-01, -3.5003433546e-02,
6.3043478261e-01, 3.0434782609e-01, -5.6265114949e-02,
6.7391304348e-01, 3.0434782609e-01, -7.4342301381e-02,
7.1739130435e-01, 3.0434782609e-01, -8.6915858746e-02,
7.6086956522e-01, 3.0434782609e-01, -9.1866165299e-02,
8.0434782609e-01, 3.0434782609e-01, -8.7828464014e-02,
8.4782608696e-01, 3.0434782609e-01, -7.4815317824e-02,
8.9130434783e-01, 3.0434782609e-01, -5.4652529153e-02,
9.3478260870e-01, 3.0434782609e-01, -3.0920001936e-02,
9.7826086957e-01, 3.0434782609e-01, -8.3059112128e-03,
2.1739130435e-02, 3.4782608696e-01, 2.0004989440e-02,
6.5217391304e-02, 3.4782608696e-01, 5.0616724866e-02,
1.0869565217e-01, 3.4782608696e-01, 7.2363963772e-02,
1.5217391304e-01, 3.4782608696e-01, 8.6421273020e-02,
1.9565217391e-01, 3.4782608696e-01, 9.4031174561e-02,
2.3913043478e-01, 3.4782608696e-01, 9.6191858301e-02,
2.8260869565e-01, 3.4782608696e-01, 9.3543178344e-02,
3.2608695652e-01, 3.4782608696e-01, 8.6397709275e-02,
3.6956521739e-01, 3.4782608696e-01, 7.4861731358e-02,
4.1304347826e-01, 3.4782608696e-01, 5.8995964128e-02,
4.5652173913e-01, 3.4782608696e-01, 3.8980374408e-02,
5.0000000000e-01, 3.4782608696e-01, 1.5266430479e-02,
5.4347826087e-01, 3.4782608696e-01, -1.1287152534e-02,
5.8695652174e-01, 3.4782608696e-01, -3.9299187982e-02,
6.3043478261e-01, 3.4782608696e-01, -6.6788988405e-02,
6.7391304348e-01, 3.4782608696e-01, -9.1180924470e-02,
7.1739130435e-01, 3.4782608696e-01, -1.0946273721e-01,
7.6086956522e-01, 3.4782608696e-01, -1.1858726885e-01,
8.0434782609e-01, 3.4782608696e-01, -1.1617785963e-01,
8.4782608696e-01, 3.4782608696e-01, -1.0146745148e-01,
8.9130434783e-01, 3.4782608696e-01, -7.6143272063e-02,
9.3478260870e-01, 3.4782608696e-01, -4.4531094382e-02,
9.7826086957e-01, 3.4782608696e-01, -1.2748832652e-02,
2.1739130435e-02, 3.9130434783e-01, 2.5181565158e-02,
6.5217391304e-02, 3.9130434783e-01, 6.2814934137e-02,
1.0869565217e-01, 3.9130434783e-01, 8.9051272007e-02,
1.5217391304e-01, 3.9130434783e-01, 1.0575557001e-01,
1.9565217391e-01, 3.9130434783e-01, 1.1470291707e-01,
2.3913043478e-01, 3.9130434783e-01, 1.1725802570e-01,
2.8260869565e-01, 3.9130434783e-01, 1.1427848135e-01,
3.2608695652e-01, 3.9130434783e-01, 1.0617488012e-01,
3.6956521739e-01, 3.9130434783e-01, 9.3061728488e-02,
4.1304347826e-01, 3.9130434783e-01, 7.4943308485e-02,
4.5652173913e-01, 3.9130434783e-01, 5.1899924489e-02,
5.0000000000e-01, 3.9130434783e-01, 2.4263848033e-02,
5.4347826087e-01, 3.9130434783e-01, -7.2105100685e-03,
5.8695652174e-01, 3.9130434783e-01, -4.1177868537e-02,
6.3043478261e-01, 3.9130434783e-01, -7.5547225293e-02,
6.7391304348e-01, 3.9130434783e-01, -1.0738613684e-01,
7.1739130435e-01, 3.9130434783e-01, -1.3297611851e-01,
7.6086956522e-01, 3.9130434783e-01, -1.4816121924e-01,
8.0434782609e-01, 3.9130434783e-01, -1.4914870683e-01,
8.4782608696e-01, 3.9130434783e-01, -1.3381016173e-01,
8.9130434783e-01, 3.9130434783e-01, -1.0316322863e-01,
9.3478260870e-01, 3.9130434783e-01, -6.2140548739e-02,
9.7826086957e-01, 3.9130434783e-01, -1.8664154909e-02,
2.1739130435e-02, 4.3478260870e-01, 3.0497270911e-02,
6.5217391304e-02, 4.3478260870e-01, 7.5368272511e-02,
1.0869565217e-01, 4.3478260870e-01, 1.0623738800e-01,
1.5217391304e-01, 4.3478260870e-01, 1.2567290279e-01,
1.9565217391e-01, 4.3478260870e-01, 1.3601727546e-01,
2.3913043478e-01, 4.3478260870e-01, 1.3904528795e-01,
2.8260869565e-01, 4.3478260870e-01, 1.3587232066e-01,
3.2608695652e-01, 4.3478260870e-01, 1.2703529836e-01,
3.6956521739e-01, 4.3478260870e-01, 1.1266828607e-01,
4.1304347826e-01, 4.3478260870e-01, 9.2709663062e-02,
4.5652173913e-01, 4.3478260870e-01, 6.7105932683e-02,
5.0000000000e-01, 4.3478260870e-01, 3.6006741273e-02,
5.4347826087e-01, 4.3478260870e-01, -3.5693575513e-05,
5.8695652174e-01, 4.3478260870e-01, -3.9847134468e-02,
6.3043478261e-01, 4.3478260870e-01, -8.1391976813e-02,
6.7391304348e-01, 4.3478260870e-01, -1.2154888151e-01,
7.1739130435e-01, 4.3478260870e-01, -1.5599739329e-01,
7.6086956522e-01, 4.3478260870e-01, -1.7940165685e-01,
8.0434782609e-01, 4.3478260870e-01, -1.8617270321e-01,
8.4782608696e-01, 4.3478260870e-01, -1.7207721900e-01,
8.9130434783e-01, 4.3478260870e-01, -1.3656878383e-01,
9.3478260870e-01, 4.3478260870e-01, -8.4692836617e-02,
9.7826086957e-01, 4.3478260870e-01, -2.6501814911e-02,
2.1739130435e-02, 4.7826086957e-01, 3.5775550516e-02,
6.5217391304e-02, 4.7826086957e-01, 8.7899798190e-02,
1.0869565217e-01, 4.7826086957e-01, 1.2342119701e-01,
1.5217391304e-01, 4.7826086957e-01, 1.4558244372e-01,
1.9565217391e-01, 4.7826086957e-01, 1.5731029735e-01,
2.3913043478e-01, 4.7826086957e-01, 1.6082924256e-01,
2.8260869565e-01, 4.7826086957e-01, 1.5755648696e-01,
3.2608695652e-01, 4.7826086957e-01, 1.4819252555e-01,
3.6956521739e-01, 4.7826086957e-01, 1.3291542603e-01,
4.1304347826e-01, 4.7826086957e-01, 1.1160532067e-01,
4.5652173913e-01, 4.7826086957e-01, 8.4061211282e-02,
5.0000000000e-01, 4.7826086957e-01, 5.0207454279e-02,
5.4347826087e-01, 4.7826086957e-01, 1.0310794997e-02,
5.8695652174e-01, 4.7826086957e-01, -3.4763882272e-02,
6.3043478261e-01, 4.7826086957e-01, -8.3239421236e-02,
6.7391304348e-01, 4.7826086957e-01, -1.3206334523e-01,
7.1739130435e-01, 4.7826086957e-01, -1.7656992927e-01,
7.6086956522e-01, 4.7826086957e-01, -2.1036681642e-01,
8.0434782609e-01, 4.7826086957e-01, -2.2584013661e-01,
8.4782608696e-01, 4.7826086957e-01, -2.1584810360e-01,
8.9130434783e-01, 4.7826086957e-01, -1.7695814656e-01,
9.3478260870e-01, 4.7826086957e-01, -1.1320069419e-01,
9.7826086957e-01, 4.7826086957e-01, -3.6816775749e-02,
2.1739130435e-02, 5.2173913043e-01, 4.0860303999e-02,
6.5217391304e-02, 5.2173913043e-01, 1.0006373825e-01,
1.0869565217e-01, 5.2173913043e-01, 1.4010978451e-01,
1.5217391304e-01, 5.2173913043e-01, 1.6485662500e-01,
1.9565217391e-01, 5.2173913043e-01, 1.7782638112e-01,
2.3913043478e-01, 5.2173913043e-01, 1.8173603716e-01,
2.8260869565e-01, 5.2173913043e-01, 1.7835487762e-01,
3.2608695652e-01, 5.2173913043e-01, 1.6859297919e-01,
3.6956521739e-01, 5.2173913043e-01, 1.5270950322e-01,
4.1304347826e-01, 5.2173913043e-01, 1.3055241738e-01,
4.5652173913e-01, 5.2173913043e-01, 1.0178458315e-01,
5.0000000000e-01, 5.2173913043e-01, 6.6093218884e-02,
5.4347826087e-01, 5.2173913043e-01, 2.3408268763e-02,
5.8695652174e-01, 5.2173913043e-01, -2.5830205355e-02,
6.3043478261e-01, 5.2173913043e-01, -8.0312295268e-02,
6.7391304348e-01, 5.2173913043e-01, -1.3737564829e-01,
7.1739130435e-01, 5.2173913043e-01, -1.9242080018e-01,
7.6086956522e-01, 5.2173913043e-01, -2.3838319817e-01,
8.0434782609e-01, 5.2173913043e-01, -2.6570583541e-01,
8.4782608696e-01, 5.2173913043e-01, -2.6369006938e-01,
8.9130434783e-01, 5.2173913043e-01, -2.2434621089e-01,
9.3478260870e-01, 5.2173913043e-01, -1.4861623923e-01,
9.7826086957e-01, 5.2173913043e-01, -5.0267757153e-02,
2.1739130435e-02, 5.6521739130e-01, 4.5652043516e-02,
6.5217391304e-02, 5.6521739130e-01, 1.1160834902e-01,
1.0869565217e-01, 5.6521739130e-01, 1.5587789317e-01,
1.5217391304e-01, 5.6521739130e-01, 1.8287693295e-01,
1.9565217391e-01, 5.6521739130e-01, 1.9675329817e-01,
2.3913043478e-01, 5.6521739130e-01, 2.0077467885e-01,
2.8260869565e-01, 5.6521739130e-01, 1.9712079635e-01,
3.2608695652e-01, 5.6521739130e-01, 1.8696213311e-01,
3.6956521739e-01, 5.6521739130e-01, 1.7068287103e-01,
4.1304347826e-01, 5.6521739130e-01, 1.4813788268e-01,
4.5652173913e-01, 5.6521739130e-01, 1.1888758481e-01,
5.0000000000e-01, 5.6521739130e-01, 8.2403786817e-02,
5.4347826087e-01, 5.6521739130e-01, 3.8273079710e-02,
5.8695652174e-01, 5.6521739130e-01, -1.3554177957e-02,
6.3043478261e-01, 5.6521739130e-01, -7.2404055613e-02,
6.7391304348e-01, 5.6521739130e-01, -1.3633100623e-01,
7.1739130435e-01, 5.6521739130e-01, -2.0132085079e-01,
7.6086956522e-01, 5.6521739130e-01, -2.6029417223e-01,
8.0434782609e-01, 5.6521739130e-01, -3.0228427704e-01,
8.4782608696e-01, 5.6521739130e-01, -3.1285069686e-01,
8.9130434783e-01, 5.6521739130e-01, -2.7774330202e-01,
9.3478260870e-01, 5.6521739130e-01, -1.9161682657e-01,
9.7826086957e-01, 5.6521739130e-01, -6.7611564353e-02,
2.1739130435e-02, 6.0869565217e-01, 5.0160310709e-02,
6.5217391304e-02, 6.0869565217e-01, 1.2246215664e-01,
1.0869565217e-01, 6.0869565217e-01, 1.7044278596e-01,
1.5217391304e-01, 6.0869565217e-01, 1.9908632784e-01,
1.9565217391e-01, 6.0869565217e-01, 2.1326152024e-01,
2.3913043478e-01, 6.0869565217e-01, 2.1687865735e-01,
2.8260869565e-01, 6.0869565217e-01, 2.1259397506e-01,
3.2608695652e-01, 6.0869565217e-01, 2.0188446250e-01,
3.6956521739e-01, 6.0869565217e-01, 1.8529744948e-01,
4.1304347826e-01, 6.0869565217e-01, 1.6273404154e-01,
4.5652173913e-01, 6.0869565217e-01, 1.3369696647e-01,
5.0000000000e-01, 6.0869565217e-01, 9.7490828683e-02,
5.4347826087e-01, 6.0869565217e-01, 5.3399291994e-02,
5.8695652174e-01, 6.0869565217e-01, 8.8884257335e-04,
6.3043478261e-01, 6.0869565217e-01, -6.0083029485e-02,
6.7391304348e-01, 6.0869565217e-01, -1.2853811152e-01,
7.1739130435e-01, 6.0869565217e-01, -2.0157189682e-01,
7.6086956522e-01, 6.0869565217e-01, -2.7294763052e-01,
8.0434782609e-01, 6.0869565217e-01, -3.3133157780e-01,
8.4782608696e-01, 6.0869565217e-01, -3.5913905114e-01,
8.9130434783e-01, 6.0869565217e-01, -3.3469857794e-01,
9.3478260870e-01, 6.0869565217e-01, -2.4227274700e-01,
9.7826086957e-01, 6.0869565217e-01, -8.9694648747e-02,
2.1739130435e-02, 6.5217391304e-01, 5.4582945636e-02,
6.5217391304e-02, 6.5217391304e-01, 1.3284742171e-01,
1.0869565217e-01, 6.5217391304e-01, 1.8374335430e-01,
1.5217391304e-01, 6.5217391304e-01, 2.1302754609e-01,
1.9565217391e-01, 6.5217391304e-01, 2.2652394117e-01,
2.3913043478e-01, 6.5217391304e-01, 2.2893245694e-01,
2.8260869565e-01, 6.5217391304e-01, 2.2345185154e-01,
3.2608695652e-01, 6.5217391304e-01, 2.1188880410e-01,
3.6956521739e-01, 6.5217391304e-01, 1.9496651501e-01,
4.1304347826e-01, 6.5217391304e-01, 1.7265344759e-01,
4.5652173913e-01, 6.5217391304e-01, 1.4443309539e-01,
5.0000000000e-01, 6.5217391304e-01, 1.0950166401e-01,
5.4347826087e-01, 6.5217391304e-01, 6.6916234893e-02,
5.8695652174e-01, 6.5217391304e-01, 1.5738626085e-02,
6.3043478261e-01, 6.5217391304e-01, -4.4749846326e-02,
6.7391304348e-01, 6.5217391304e-01, -1.1463003300e-01,
7.1739130435e-01, 6.5217391304e-01, -1.9249480996e-01,
7.6086956522e-01, 6.5217391304e-01, -2.7383851895e-01,
8.0434782609e-01, 6.5217391304e-01, -3.4842715497e-01,
8.4782608696e-01, 6.5217391304e-01, -3.9712105278e-01,
8.9130434783e-01, 6.5217391304e-01, -3.9093071643e-01,
9.3478260870e-01, 6.5217391304e-01, -2.9956979167e-01,
9.7826086957e-01, 6.5217391304e-01, -1.1744568256e-01,
2.1739130435e-02, 6.9565217391e-01, 5.9437718548e-02,
6.5217391304e-02, 6.9565217391e-01, 1.4342363650e-01,
1.0869565217e-01, 6.9565217391e-01, 1.9599456973e-01,
1.5217391304e-01, 6.9565217391e-01, 2.2432474903e-01,
1.9565217391e-01, 6.9565217391e-01, 2.3567394146e-01,
2.3913043478e-01, 6.9565217391e-01, 2.3574472774e-01,
2.8260869565e-01, 6.9565217391e-01, 2.2831751570e-01,
3.2608695652e-01, 6.9565217391e-01, 2.1549755927e-01,
3.6956521739e-01, 6.9565217391e-01, 1.9814574407e-01,
4.1304347826e-01, 6.9565217391e-01, 1.7628103948e-01,
4.5652173913e-01, 6.9565217391e-01, 1.4938244468e-01,
5.0000000000e-01, 6.9565217391e-01, 1.1658867651e-01,
5.4347826087e-01, 6.9565217391e-01, 7.6821673393e-02,
5.8695652174e-01, 6.9565217391e-01, 2.8872201284e-02,
6.3043478261e-01, 6.9565217391e-01, -2.8494689297e-02,
6.7391304348e-01, 6.9565217391e-01, -9.6301994763e-02,
7.1739130435e-01, 6.9565217391e-01, -1.7474802318e-01,
7.6086956522e-01, 6.9565217391e-01, -2.6173002574e-01,
8.0434782609e-01, 6.9565217391e-01, -3.4974351239e-01,
8.4782608696e-01, 6.9565217391e-01, -4.2065802174e-01,
8.9130434783e-01, 6.9565217391e-01, -4.4018826530e-01,
9.3478260870e-01, 6.9565217391e-01, -3.6078545642e-01,
9.7826086957e-01, 6.9565217391e-01, -1.5185596572e-01,
2.1739130435e-02, 7.3913043478e-01, 6.5799768972e-02,
6.5217391304e-02, 7.3913043478e-01, 1.5544549446e-01,
1.0869565217e-01, 7.3913043478e-01, 2.0764034524e-01,
1.5217391304e-01, 7.3913043478e-01, 2.3251982049e-01,
1.9565217391e-01, 7.3913043478e-01, 2.3962792079e-01,
2.3913043478e-01, 7.3913043478e-01, 2.3591127508e-01,
2.8260869565e-01, 7.3913043478e-01, 2.2567730407e-01,
3.2608695652e-01, 7.3913043478e-01, 2.1119498575e-01,
3.6956521739e-01, 7.3913043478e-01, 1.9334579563e-01,
4.1304347826e-01, 7.3913043478e-01, 1.7212958970e-01,
4.5652173913e-01, 7.3913043478e-01, 1.4700192018e-01,
5.0000000000e-01, 7.3913043478e-01, 1.1707482090e-01,
5.4347826087e-01, 7.3913043478e-01, 8.1220727467e-02,
5.8695652174e-01, 7.3913043478e-01, 3.8113542904e-02,
6.3043478261e-01, 7.3913043478e-01, -1.3759542800e-02,
6.7391304348e-01, 7.3913043478e-01, -7.6054337833e-02,
7.1739130435e-01, 7.3913043478e-01, -1.5032034856e-01,
7.6086956522e-01, 7.3913043478e-01, -2.3704414512e-01,
8.0434782609e-01, 7.3913043478e-01, -3.3280461014e-01,
8.4782608696e-01, 7.3913043478e-01, -4.2368544527e-01,
8.9130434783e-01, 7.3913043478e-01, -4.7441378914e-01,
9.3478260870e-01, 7.3913043478e-01, -4.2075900408e-01,
9.7826086957e-01, 7.3913043478e-01, -1.9386190424e-01,
2.1739130435e-02, 7.8260869565e-01, 7.5737740067e-02,
6.5217391304e-02, 7.8260869565e-01, 1.7082801918e-01,
1.0869565217e-01, 7.8260869565e-01, 2.1899139314e-01,
1.5217391304e-01, 7.8260869565e-01, 2.3656752903e-01,
1.9565217391e-01, 7.8260869565e-01, 2.3663557174e-01,
2.3913043478e-01, 7.8260869565e-01, 2.2748441295e-01,
2.8260869565e-01, 7.8260869565e-01, 2.1366223759e-01,
3.2608695652e-01, 7.8260869565e-01, 1.9729443525e-01,
3.6956521739e-01, 7.8260869565e-01, 1.7906355501e-01,
4.1304347826e-01, 7.8260869565e-01, 1.5882525411e-01,
4.5652173913e-01, 7.8260869565e-01, 1.3596239274e-01,
5.0000000000e-01, 7.8260869565e-01, 1.0957180350e-01,
5.4347826087e-01, 7.8260869565e-01, 7.8546166760e-02,
5.8695652174e-01, 7.8260869565e-01, 4.1585194665e-02,
6.3043478261e-01, 7.8260869565e-01, -2.8505709413e-03,
6.7391304348e-01, 7.8260869565e-01, -5.6639725682e-02,
7.1739130435e-01, 7.8260869565e-01, -1.2211031194e-01,
7.6086956522e-01, 7.8260869565e-01, -2.0185758687e-01,
8.0434782609e-01, 7.8260869565e-01, -2.9705193644e-01,
8.4782608696e-01, 7.8260869565e-01, -4.0108540721e-01,
8.9130434783e-01, 7.8260869565e-01, -4.8417411210e-01,
9.3478260870e-01, 7.8260869565e-01, -4.7110858834e-01,
9.7826086957e-01, 7.8260869565e-01, -2.4387731767e-01,
2.1739130435e-02, 8.2608695652e-01, 9.3048108871e-02,
6.5217391304e-02, 8.2608695652e-01, 1.9165285334e-01,
1.0869565217e-01, 8.2608695652e-01, 2.2895758938e-01,
1.5217391304e-01, 8.2608695652e-01, 2.3356610809e-01,
1.9565217391e-01, 8.2608695652e-01, 2.2334336349e-01,
2.3913043478e-01, 8.2608695652e-01, 2.0739464633e-01,
2.8260869565e-01, 8.2608695652e-01, 1.8974634481e-01,
3.2608695652e-01, 8.2608695652e-01, 1.7182585739e-01,
3.6956521739e-01, 8.2608695652e-01, 1.5379538335e-01,
4.1304347826e-01, 8.2608695652e-01, 1.3520873342e-01,
4.5652173913e-01, 8.2608695652e-01, 1.1532042514e-01,
5.0000000000e-01, 8.2608695652e-01, 9.3221718397e-02,
5.4347826087e-01, 8.2608695652e-01, 6.7886003797e-02,
5.8695652174e-01, 8.2608695652e-01, 3.8156181711e-02,
6.3043478261e-01, 8.2608695652e-01, 2.6744404769e-03,
6.7391304348e-01, 8.2608695652e-01, -4.0279034894e-02,
7.1739130435e-01, 8.2608695652e-01, -9.3112635505e-02,
7.6086956522e-01, 8.2608695652e-01, -1.5944302984e-01,
8.0434782609e-01, 8.2608695652e-01, -2.4416557461e-01,
8.4782608696e-01, 8.2608695652e-01, -3.4966953852e-01,
8.9130434783e-01, 8.2608695652e-01, -4.5934138758e-01,
9.3478260870e-01, 8.2608695652e-01, -4.9936156905e-01,
9.7826086957e-01, 8.2608695652e-01, -3.0042487389e-01,
2.1739130435e-02, 8.6956521739e-01, 1.2405865520e-01,
6.5217391304e-02, 8.6956521739e-01, 2.1736194851e-01,
1.0869565217e-01, 8.6956521739e-01, 2.3138824905e-01,
1.5217391304e-01, 8.6956521739e-01, 2.1611109748e-01,
1.9565217391e-01, 8.6956521739e-01, 1.9345183352e-01,
2.3913043478e-01, 8.6956521739e-01, 1.7107546741e-01,
2.8260869565e-01, 8.6956521739e-01, 1.5095506079e-01,
3.2608695652e-01, 8.6956521739e-01, 1.3305846627e-01,
3.6956521739e-01, 8.6956521739e-01, 1.1671442294e-01,
4.1304347826e-01, 8.6956521739e-01, 1.0107878236e-01,
4.5652173913e-01, 8.6956521739e-01, 8.5279390556e-02,
5.0000000000e-01, 8.6956521739e-01, 6.8448737384e-02,
5.4347826087e-01, 8.6956521739e-01, 4.9713782035e-02,
5.8695652174e-01, 8.6956521739e-01, 2.8159607541e-02,
6.3043478261e-01, 8.6956521739e-01, 2.7559977706e-03,
6.7391304348e-01, 8.6956521739e-01, -2.7797470228e-02,
7.1739130435e-01, 8.6956521739e-01, -6.5423660186e-02,
7.6086956522e-01, 8.6956521739e-01, -1.1347534571e-01,
8.0434782609e-01, 8.6956521739e-01, -1.7826601404e-01,
8.4782608696e-01, 8.6956521739e-01, -2.6970245983e-01,
8.9130434783e-01, 8.6956521739e-01, -3.9046835942e-01,
9.3478260870e-01, 8.6956521739e-01, -4.8780384839e-01,
9.7826086957e-01, 8.6956521739e-01, -3.5667425970e-01,
2.1739130435e-02, 9.1304347826e-01, 1.7553551796e-01,
6.5217391304e-02, 9.1304347826e-01, 2.3366897328e-01,
1.0869565217e-01, 9.1304347826e-01, 2.0696988894e-01,
1.5217391304e-01, 9.1304347826e-01, 1.6965186193e-01,
1.9565217391e-01, 9.1304347826e-01, 1.3853237513e-01,
2.3913043478e-01, 9.1304347826e-01, 1.1476233249e-01,
2.8260869565e-01, 9.1304347826e-01, 9.6568737653e-02,
3.2608695652e-01, 9.1304347826e-01, 8.2146322920e-02,
3.6956521739e-01, 9.1304347826e-01, 7.0091398877e-02,
4.1304347826e-01, 9.1304347826e-01, 5.9340733241e-02,
4.5652173913e-01, 9.1304347826e-01, 4.9058425084e-02,
5.0000000000e-01, 9.1304347826e-01, 3.8548968959e-02,
5.4347826087e-01, 9.1304347826e-01, 2.7196212488e-02,
5.8695652174e-01, 9.1304347826e-01, 1.4413177983e-02,
6.3043478261e-01, 9.1304347826e-01, -4.1888692468e-04,
6.7391304348e-01, 9.1304347826e-01, -1.8061606156e-02,
7.1739130435e-01, 9.1304347826e-01, -3.9672854018e-02,
7.6086956522e-01, 9.1304347826e-01, -6.7448451176e-02,
8.0434782609e-01, 9.1304347826e-01, -1.0633713401e-01,
8.4782608696e-01, 9.1304347826e-01, -1.6800631750e-01,
8.9130434783e-01, 9.1304347826e-01, -2.7284159908e-01,
9.3478260870e-01, 9.1304347826e-01, -4.1216848299e-01,
9.7826086957e-01, 9.1304347826e-01, -3.9152954319e-01,
2.1739130435e-02, 9.5652173913e-01, 2.2546366097e-01,
6.5217391304e-02, 9.5652173913e-01, 1.8202379985e-01,
1.0869565217e-01, 9.5652173913e-01, 1.2142469072e-01,
1.5217391304e-01, 9.5652173913e-01, 8.3088892880e-02,
1.9565217391e-01, 9.5652173913e-01, 6.0047977258e-02,
2.3913043478e-01, 9.5652173913e-01, 4.5630120034e-02,
2.8260869565e-01, 9.5652173913e-01, 3.6037237121e-02,
3.2608695652e-01, 9.5652173913e-01, 2.9198927041e-02,
3.6956521739e-01, 9.5652173913e-01, 2.3939694201e-02,
4.1304347826e-01, 9.5652173913e-01, 1.9543755726e-02,
4.5652173913e-01, 9.5652173913e-01, 1.5537911600e-02,
5.0000000000e-01, 9.5652173913e-01, 1.1581907012e-02,
5.4347826087e-01, 9.5652173913e-01, 7.4104982105e-03,
5.8695652174e-01, 9.5652173913e-01, 2.7984173281e-03,
6.3043478261e-01, 9.5652173913e-01, -2.4706643801e-03,
6.7391304348e-01, 9.5652173913e-01, -8.6527401959e-03,
7.1739130435e-01, 9.5652173913e-01, -1.6153045351e-02,
7.6086956522e-01, 9.5652173913e-01, -2.5813099914e-02,
8.0434782609e-01, 9.5652173913e-01, -3.9742341263e-02,
8.4782608696e-01, 9.5652173913e-01, -6.4087958302e-02,
8.9130434783e-01, 9.5652173913e-01, -1.1959847461e-01,
9.3478260870e-01, 9.5652173913e-01, -2.4462135783e-01,
9.7826086957e-01, 9.5652173913e-01, -3.4258778563e-01,
