TITLE="Solution_n=29_m=29_Re=400_BCM=0_CM=2_G=1.00_U=0.10.dat" VARIABLES="x", "y", "u", "v", "vmag", "omegaxy", "vortz" ZONE T="Solution_n=29_m=29_Re=400_BCM=0_CM=2_G=1.00_U=0.10.dat" I=29 J=29 F=POINT
0.0172413793, 0.0172413793, 0.0006972659, 0.0010249451, 0.0001239634, 0.0000074693, 0.0081547466
0.0517241379, 0.0172413793, -0.0003410856, 0.0007318448, 0.0000807426, -0.0000007868, -0.0131106604
0.0862068966, 0.0172413793, -0.0014560469, 0.0001409136, 0.0001462850, -0.0000018373, 0.0720647773
0.1206896552, 0.0172413793, -0.0024752187, 0.0004787171, 0.0002521087, -0.0000035701, 0.1734350156
0.1551724138, 0.0172413793, -0.0040937043, 0.0005841790, 0.0004135176, -0.0000059793, 0.2445030631
0.1896551724, 0.0172413793, -0.0057163294, 0.0005108877, 0.0005739114, -0.0000082670, 0.3327288375
0.2241379310, 0.0172413793, -0.0071907266, 0.0004714599, 0.0007206166, -0.0000104008, 0.4227034412
0.2586206897, 0.0172413793, -0.0085190192, 0.0004113952, 0.0008528947, -0.0000123325, 0.4985570351
0.2931034483, 0.0172413793, -0.0095961632, 0.0003076383, 0.0009601093, -0.0000138855, 0.5593538111
0.3275862069, 0.0172413793, -0.0103288912, 0.0001815787, 0.0010330487, -0.0000149416, 0.6012071019
0.3620689655, 0.0172413793, -0.0106653262, 0.0000431932, 0.0010665414, -0.0000154261, 0.6197496081
0.3965517241, 0.0172413793, -0.0105820332, -0.0000979095, 0.0010582486, -0.0000153024, 0.6137755352
0.4310344828, 0.0172413793, -0.0100903466, -0.0002292454, 0.0010092950, -0.0000145891, 0.5842957385
0.4655172414, 0.0172413793, -0.0092352557, -0.0003405315, 0.0009241532, -0.0000133520, 0.5339570591
0.5000000000, 0.0172413793, -0.0080858601, -0.0004259627, 0.0008097072, -0.0000116916, 0.4666858569
0.5344827586, 0.0172413793, -0.0067228626, -0.0004834051, 0.0006740220, -0.0000097244, 0.3872421418
0.5689655172, 0.0172413793, -0.0052349360, -0.0005091823, 0.0005259641, -0.0000075763, 0.3009194599
0.6034482759, 0.0172413793, -0.0037197450, -0.0005017142, 0.0003753428, -0.0000053892, 0.2131458034
0.6379310345, 0.0172413793, -0.0022710227, -0.0004648504, 0.0002318109, -0.0000032982, 0.1291846242
0.6724137931, 0.0172413793, -0.0009714814, -0.0004020554, 0.0001051392, -0.0000014220, 0.0541104495
0.7068965517, 0.0172413793, 0.0001039299, -0.0003145799, 0.0000331303, 0.0000001339, -0.0078694433
0.7413793103, 0.0172413793, 0.0008937822, -0.0002110509, 0.0000918362, 0.0000012797, -0.0547632368
0.7758620690, 0.0172413793, 0.0013805551, -0.0001156795, 0.0001385393, 0.0000019737, -0.0838941879
0.8103448276, 0.0172413793, 0.0015687015, -0.0000089696, 0.0001568727, 0.0000022490, -0.0906373875
0.8448275862, 0.0172413793, 0.0013729680, 0.0001543184, 0.0001381613, 0.0000020305, -0.0862438628
0.8793103448, 0.0172413793, 0.0008860274, 0.0001551821, 0.0000899514, 0.0000012610, -0.0805019882
0.9137931034, 0.0172413793, 0.0006362965, -0.0000385325, 0.0000637462, 0.0000006839, -0.0234426231
0.9482758621, 0.0172413793, -0.0000589260, 0.0006169557, 0.0000619763, 0.0000001773, 0.0317596499
0.9827586207, 0.0172413793, -0.0007819334, 0.0009557384, 0.0001234850, -0.0000075360, -0.0054419532
0.0172413793, 0.0517241379, 0.0001205910, 0.0013875188, 0.0001392749, 0.0000017373, 0.1121204245
0.0517241379, 0.0517241379, -0.0009559648, 0.0032685588, 0.0003405487, -0.0000031177, 0.0668645822
0.0862068966, 0.0517241379, -0.0045233888, 0.0026351689, 0.0005234994, -0.0000026561, 0.1054118253
0.1206896552, 0.0517241379, -0.0087508799, 0.0032389566, 0.0009331063, -0.0000043548, 0.2057777665
0.1551724138, 0.0517241379, -0.0130286223, 0.0036851298, 0.0013539763, -0.0000069159, 0.2787858348
0.1896551724, 0.0517241379, -0.0175775096, 0.0035881743, 0.0017940007, -0.0000091742, 0.3490445900
0.2241379310, 0.0517241379, -0.0219471630, 0.0032592662, 0.0022187852, -0.0000112166, 0.4211967669
0.2586206897, 0.0517241379, -0.0257309909, 0.0027624432, 0.0025878852, -0.0000130324, 0.4823906218
0.2931034483, 0.0517241379, -0.0287246127, 0.0020629421, 0.0028798596, -0.0000144315, 0.5274833957
0.3275862069, 0.0517241379, -0.0307277991, 0.0012029353, 0.0030751336, -0.0000153116, 0.5557508707
0.3620689655, 0.0517241379, -0.0315873467, 0.0002575152, 0.0031588396, -0.0000156249, 0.5662544872
0.3965517241, 0.0517241379, -0.0312608705, -0.0006917609, 0.0031268523, -0.0000153713, 0.5591425773
0.4310344828, 0.0517241379, -0.0298094080, -0.0015669297, 0.0029850562, -0.0000146090, 0.5360026277
0.4655172414, 0.0517241379, -0.0273739278, -0.0023060500, 0.0027470890, -0.0000134277, 0.4991428732
0.5000000000, 0.0517241379, -0.0241492488, -0.0028733469, 0.0024319588, -0.0000119365, 0.4512754009
0.5344827586, 0.0517241379, -0.0203558663, -0.0032519318, 0.0020613984, -0.0000102279, 0.3954860064
0.5689655172, 0.0517241379, -0.0162286494, -0.0034241098, 0.0016585946, -0.0000083761, 0.3347921123
0.6034482759, 0.0517241379, -0.0120145229, -0.0033846083, 0.0012482161, -0.0000064860, 0.2719310943
0.6379310345, 0.0517241379, -0.0079538174, -0.0031496423, 0.0008554733, -0.0000046473, 0.2097910921
0.6724137931, 0.0517241379, -0.0042696476, -0.0027381514, 0.0005072215, -0.0000029321, 0.1512719202
0.7068965517, 0.0517241379, -0.0011565520, -0.0021780058, 0.0002466034, -0.0000014239, 0.0985815263
0.7413793103, 0.0517241379, 0.0012465390, -0.0015240735, 0.0001968923, -0.0000002066, 0.0538514684
0.7758620690, 0.0517241379, 0.0028328519, -0.0008298589, 0.0002951900, 0.0000006862, 0.0204471644
0.8103448276, 0.0517241379, 0.0035199168, -0.0000905427, 0.0003521081, 0.0000013059, -0.0019149104
0.8448275862, 0.0517241379, 0.0034588291, 0.0005920852, 0.0003509140, 0.0000015181, -0.0205675684
0.8793103448, 0.0517241379, 0.0028668500, 0.0008865962, 0.0003000814, 0.0000011399, -0.0266328957
0.9137931034, 0.0517241379, 0.0013679544, 0.0011267630, 0.0001772257, 0.0000012049, 0.0011106309
0.9482758621, 0.0517241379, -0.0003512440, 0.0022730904, 0.0002300068, 0.0000024635, -0.0174927864
0.9827586207, 0.0517241379, -0.0003123848, 0.0009414125, 0.0000991888, -0.0000010975, -0.0911091367
0.0172413793, 0.0862068966, -0.0007586675, 0.0024940417, 0.0002606879, 0.0000037690, 0.1576699244
0.0517241379, 0.0862068966, -0.0037047860, 0.0062944428, 0.0007303797, -0.0000006100, 0.1454886389
0.0862068966, 0.0862068966, -0.0087554301, 0.0078044611, 0.0011728903, -0.0000019819, 0.1690231308
0.1206896552, 0.0862068966, -0.0156168279, 0.0089716527, 0.0018010438, -0.0000044895, 0.2317923467
0.1551724138, 0.0862068966, -0.0229710959, 0.0095640330, 0.0024882564, -0.0000071386, 0.2999437521
0.1896551724, 0.0862068966, -0.0302142337, 0.0094482156, 0.0031657048, -0.0000096265, 0.3578969431
0.2241379310, 0.0862068966, -0.0370645106, 0.0085897994, 0.0038046847, -0.0000117951, 0.4069550995
0.2586206897, 0.0862068966, -0.0429836620, 0.0071473522, 0.0043573844, -0.0000135565, 0.4488728840
0.2931034483, 0.0862068966, -0.0475338363, 0.0052441321, 0.0047822239, -0.0000148592, 0.4785879819
0.3275862069, 0.0862068966, -0.0504619644, 0.0029771609, 0.0050549712, -0.0000156358, 0.4946943377
0.3620689655, 0.0862068966, -0.0516120560, 0.0005195374, 0.0051614671, -0.0000158355, 0.4994290789
0.3965517241, 0.0862068966, -0.0509680351, -0.0019052363, 0.0051003632, -0.0000155015, 0.4946641652
0.4310344828, 0.0862068966, -0.0486703342, -0.0041023956, 0.0048842922, -0.0000147405, 0.4816763907
0.4655172414, 0.0862068966, -0.0449653193, -0.0059356683, 0.0045355398, -0.0000136678, 0.4618176852
0.5000000000, 0.0862068966, -0.0401541834, -0.0073319870, 0.0040818090, -0.0000124052, 0.4363351261
0.5344827586, 0.0862068966, -0.0345485225, -0.0082649187, 0.0035523363, -0.0000110118, 0.4064275056
0.5689655172, 0.0862068966, -0.0284567237, -0.0087071506, 0.0029759025, -0.0000094936, 0.3730630722
0.6034482759, 0.0862068966, -0.0221991461, -0.0086467342, 0.0023823688, -0.0000079212, 0.3366051058
0.6379310345, 0.0862068966, -0.0160929170, -0.0081139608, 0.0018022717, -0.0000063396, 0.2974147788
0.6724137931, 0.0862068966, -0.0104323911, -0.0071542364, 0.0012649817, -0.0000047784, 0.2561897656
0.7068965517, 0.0862068966, -0.0054807181, -0.0058369353, 0.0008006752, -0.0000033140, 0.2140763167
0.7413793103, 0.0862068966, -0.0014719654, -0.0042564034, 0.0004503738, -0.0000020072, 0.1730386851
0.7758620690, 0.0862068966, 0.0014039365, -0.0025135515, 0.0002879059, -0.0000009141, 0.1335657378
0.8103448276, 0.0862068966, 0.0031227085, -0.0007739883, 0.0003217198, -0.0000001268, 0.0947268592
0.8448275862, 0.0862068966, 0.0037685599, 0.0007374445, 0.0003840035, 0.0000002876, 0.0623983708
0.8793103448, 0.0862068966, 0.0032574566, 0.0019558871, 0.0003799542, 0.0000003929, 0.0398740704
0.9137931034, 0.0862068966, 0.0019461955, 0.0028280673, 0.0003433022, 0.0000002866, 0.0085894270
0.9482758621, 0.0862068966, 0.0009621226, 0.0029503827, 0.0003103295, 0.0000001372, -0.0418412885
0.9827586207, 0.0862068966, 0.0003600943, 0.0011764111, 0.0001230289, -0.0000019098, -0.0854754646
0.0172413793, 0.1206896552, -0.0008620121, 0.0048547426, 0.0004930679, 0.0000069785, 0.2379461710
0.0517241379, 0.1206896552, -0.0056792446, 0.0114599480, 0.0012790005, 0.0000015710, 0.2066439319
0.0862068966, 0.1206896552, -0.0135029466, 0.0152212855, 0.0020347410, -0.0000010672, 0.2283622367
0.1206896552, 0.1206896552, -0.0229769871, 0.0176787959, 0.0028991063, -0.0000044911, 0.2653956847
0.1551724138, 0.1206896552, -0.0332378354, 0.0183732720, 0.0037978031, -0.0000075664, 0.3033515220
0.1896551724, 0.1206896552, -0.0432342909, 0.0178146069, 0.0046760711, -0.0000103307, 0.3461470725
0.2241379310, 0.1206896552, -0.0523138953, 0.0160880381, 0.0054731788, -0.0000127814, 0.3778100064
0.2586206897, 0.1206896552, -0.0600334088, 0.0132431284, 0.0061476749, -0.0000147355, 0.3995384852
0.2931034483, 0.1206896552, -0.0659008717, 0.0095413184, 0.0066587999, -0.0000161454, 0.4151836350
0.3275862069, 0.1206896552, -0.0695692448, 0.0052627540, 0.0069768018, -0.0000169827, 0.4245494378
0.3620689655, 0.1206896552, -0.0709131287, 0.0007312219, 0.0070916899, -0.0000171701, 0.4294188144
0.3965517241, 0.1206896552, -0.0699975735, -0.0036585650, 0.0070093119, -0.0000167612, 0.4321429817
0.4310344828, 0.1206896552, -0.0670589014, -0.0075672912, 0.0067484518, -0.0000159244, 0.4334649791
0.4655172414, 0.1206896552, -0.0624530147, -0.0107770026, 0.0063376043, -0.0000148341, 0.4332590237
0.5000000000, 0.1206896552, -0.0565705769, -0.0132020168, 0.0058090648, -0.0000136504, 0.4308477585
0.5344827586, 0.1206896552, -0.0497605130, -0.0148436084, 0.0051927270, -0.0000124006, 0.4260928584
0.5689655172, 0.1206896552, -0.0423389527, -0.0156727262, 0.0045146664, -0.0000110159, 0.4187843684
0.6034482759, 0.1206896552, -0.0346354784, -0.0156663367, 0.0038013819, -0.0000095470, 0.4069594848
0.6379310345, 0.1206896552, -0.0269726836, -0.0148731162, 0.0030801546, -0.0000080060, 0.3887031295
0.6724137931, 0.1206896552, -0.0196608818, -0.0133540043, 0.0023767198, -0.0000063850, 0.3635758896
0.7068965517, 0.1206896552, -0.0130226029, -0.0111892619, 0.0017169385, -0.0000047552, 0.3316347308
0.7413793103, 0.1206896552, -0.0073637795, -0.0085116556, 0.0011254934, -0.0000031874, 0.2924940533
0.7758620690, 0.1206896552, -0.0028961632, -0.0055359786, 0.0006247785, -0.0000018085, 0.2463689926
0.8103448276, 0.1206896552, 0.0002380259, -0.0025394953, 0.0002550626, -0.0000007391, 0.1982767563
0.8448275862, 0.1206896552, 0.0018853686, 0.0002872243, 0.0001907122, 0.0000000110, 0.1509279121
0.8793103448, 0.1206896552, 0.0022075369, 0.0026445889, 0.0003444861, 0.0000003311, 0.0933371040
0.9137931034, 0.1206896552, 0.0017700758, 0.0038298235, 0.0004219090, -0.0000000280, 0.0307493938
0.9482758621, 0.1206896552, 0.0008827059, 0.0036664480, 0.0003771208, -0.0000008440, -0.0205366382
0.9827586207, 0.1206896552, 0.0001382445, 0.0018539212, 0.0001859068, -0.0000026868, -0.0716111532
0.0172413793, 0.1551724138, -0.0011144694, 0.0077877788, 0.0007867118, 0.0000111264, 0.4249173602
0.0517241379, 0.1551724138, -0.0075895488, 0.0193947698, 0.0020826866, 0.0000038781, 0.3156897959
0.0862068966, 0.1551724138, -0.0182857020, 0.0255507277, 0.0031419844, 0.0000001330, 0.2776564394
0.1206896552, 0.1551724138, -0.0307679921, 0.0291217978, 0.0042364471, -0.0000040887, 0.2871637323
0.1551724138, 0.1551724138, -0.0437560796, 0.0300123198, 0.0053059720, -0.0000078870, 0.2960520667
0.1896551724, 0.1551724138, -0.0563716795, 0.0286716289, 0.0063244198, -0.0000111525, 0.3124562654
0.2241379310, 0.1551724138, -0.0676918516, 0.0255409348, 0.0072350025, -0.0000139921, 0.3289341009
0.2586206897, 0.1551724138, -0.0770847600, 0.0208302174, 0.0079849597, -0.0000162599, 0.3371519790
0.2931034483, 0.1551724138, -0.0841475648, 0.0148360086, 0.0085445420, -0.0000178804, 0.3408146374
0.3275862069, 0.1551724138, -0.0885513325, 0.0080118345, 0.0088913036, -0.0000188425, 0.3459951637
0.3620689655, 0.1551724138, -0.0901484657, 0.0009238109, 0.0090153199, -0.0000190299, 0.3554330620
0.3965517241, 0.1551724138, -0.0890695125, -0.0058130760, 0.0089259005, -0.0000184834, 0.3695829650
0.4310344828, 0.1551724138, -0.0856829082, -0.0116939718, 0.0086477221, -0.0000174597, 0.3876273394
0.4655172414, 0.1551724138, -0.0804799775, -0.0164290149, 0.0082139755, -0.0000162425, 0.4073371569
0.5000000000, 0.1551724138, -0.0739344277, -0.0199813588, 0.0076586907, -0.0000150760, 0.4265032402
0.5344827586, 0.1551724138, -0.0664049463, -0.0224350223, 0.0070092418, -0.0000139625, 0.4451235697
0.5689655172, 0.1551724138, -0.0581611326, -0.0237783819, 0.0062834137, -0.0000127147, 0.4621495016
0.6034482759, 0.1551724138, -0.0494657074, -0.0239835468, 0.0054973327, -0.0000113480, 0.4733296658
0.6379310345, 0.1551724138, -0.0405876969, -0.0231032212, 0.0046702462, -0.0000098328, 0.4751624412
0.6724137931, 0.1551724138, -0.0318227361, -0.0211737457, 0.0038223213, -0.0000080925, 0.4657314750
0.7068965517, 0.1551724138, -0.0235097301, -0.0182601286, 0.0029768099, -0.0000061972, 0.4428215127
0.7413793103, 0.1551724138, -0.0159906858, -0.0145358039, 0.0021609989, -0.0000042685, 0.4057403156
0.7758620690, 0.1551724138, -0.0096148681, -0.0102613026, 0.0014062006, -0.0000024810, 0.3574854536
0.8103448276, 0.1551724138, -0.0047283477, -0.0057327452, 0.0007431126, -0.0000009682, 0.3002316218
0.8448275862, 0.1551724138, -0.0014561775, -0.0013653697, 0.0001996168, 0.0000001015, 0.2300242823
0.8793103448, 0.1551724138, 0.0003630142, 0.0021624989, 0.0002192756, 0.0000004505, 0.1492217144
0.9137931034, 0.1551724138, 0.0008474068, 0.0042577246, 0.0004341235, 0.0000000595, 0.0692090433
0.9482758621, 0.1551724138, 0.0004025402, 0.0045316964, 0.0004549540, -0.0000009260, -0.0181512066
0.9827586207, 0.1551724138, 0.0000245895, 0.0020734106, 0.0002073556, -0.0000029324, -0.1091991818
0.0172413793, 0.1896551724, -0.0015016426, 0.0117198581, 0.0011815668, 0.0000168326, 0.6508495770
0.0517241379, 0.1896551724, -0.0096880058, 0.0295628177, 0.0031109768, 0.0000071482, 0.4523332957
0.0862068966, 0.1896551724, -0.0229246385, 0.0388915790, 0.0045145254, 0.0000015655, 0.3318060936
0.1206896552, 0.1896551724, -0.0383197903, 0.0434654533, 0.0057945250, -0.0000034940, 0.2884357429
0.1551724138, 0.1896551724, -0.0541053882, 0.0443016765, 0.0069928761, -0.0000079051, 0.2666393432
0.1896551724, 0.1896551724, -0.0692543838, 0.0419926586, 0.0080991068, -0.0000118412, 0.2538037589
0.2241379310, 0.1896551724, -0.0828404173, 0.0369867125, 0.0090722388, -0.0000152856, 0.2486346979
0.2586206897, 0.1896551724, -0.0939901956, 0.0298349079, 0.0098611757, -0.0000179540, 0.2469578352
0.2931034483, 0.1896551724, -0.1022237124, 0.0210811854, 0.0104374823, -0.0000197777, 0.2439306804
0.3275862069, 0.1896551724, -0.1073431779, 0.0112760013, 0.0107933804, -0.0000208035, 0.2444681592
0.3620689655, 0.1896551724, -0.1092506641, 0.0011907761, 0.0109257153, -0.0000208809, 0.2573430058
0.3965517241, 0.1896551724, -0.1081038366, -0.0082376904, 0.0108417245, -0.0000200452, 0.2844791624
0.4310344828, 0.1896551724, -0.1044077603, -0.0162660811, 0.0105667241, -0.0000186553, 0.3208059268
0.4655172414, 0.1896551724, -0.0988326194, -0.0225686190, 0.0101376670, -0.0000171562, 0.3606629102
0.5000000000, 0.1896551724, -0.0919906008, -0.0272288711, 0.0095935823, -0.0000159923, 0.4016157341
0.5344827586, 0.1896551724, -0.0842557133, -0.0305160006, 0.0089611671, -0.0000151591, 0.4440311145
0.5689655172, 0.1896551724, -0.0757598566, -0.0325128497, 0.0082441745, -0.0000142396, 0.4867301541
0.6034482759, 0.1896551724, -0.0666037430, -0.0331708726, 0.0074406756, -0.0000131756, 0.5239295499
0.6379310345, 0.1896551724, -0.0569327060, -0.0325109669, 0.0065561391, -0.0000118567, 0.5490922487
0.6724137931, 0.1896551724, -0.0469372012, -0.0305167417, 0.0055985466, -0.0000100702, 0.5579444818
0.7068965517, 0.1896551724, -0.0369240758, -0.0271797757, 0.0045848965, -0.0000078959, 0.5480516371
0.7413793103, 0.1896551724, -0.0273470442, -0.0226076954, 0.0035481949, -0.0000055107, 0.5193133686
0.7758620690, 0.1896551724, -0.0187472738, -0.0170339698, 0.0025330148, -0.0000031527, 0.4716836549
0.8103448276, 0.1896551724, -0.0115716703, -0.0108979404, 0.0015895555, -0.0000010999, 0.4035258561
0.8448275862, 0.1896551724, -0.0060831308, -0.0048775083, 0.0007797087, 0.0000003319, 0.3179714227
0.8793103448, 0.1896551724, -0.0024605214, 0.0002855133, 0.0002477031, 0.0000009095, 0.2221709783
0.9137931034, 0.1896551724, -0.0006337642, 0.0038324733, 0.0003884522, 0.0000005571, 0.1131000210
0.9482758621, 0.1896551724, -0.0000498008, 0.0047077253, 0.0004707989, -0.0000009063, -0.0083561173
0.9827586207, 0.1896551724, 0.0000203931, 0.0021595339, 0.0002159630, -0.0000031107, -0.1221138803
0.0172413793, 0.2241379310, -0.0018005296, 0.0166589913, 0.0016756011, 0.0000239300, 0.9184899943
0.0517241379, 0.2241379310, -0.0116132277, 0.0419216089, 0.0043500441, 0.0000111995, 0.6047286442
0.0862068966, 0.2241379310, -0.0272662453, 0.0548939818, 0.0061292719, 0.0000033207, 0.3870215056
0.1206896552, 0.2241379310, -0.0452500147, 0.0606135988, 0.0075641075, -0.0000027355, 0.2778534670
0.1551724138, 0.2241379310, -0.0636177945, 0.0611994755, 0.0088275702, -0.0000076201, 0.2128176638
0.1896551724, 0.2241379310, -0.0811903509, 0.0577045941, 0.0099607697, -0.0000120503, 0.1636516931
0.2241379310, 0.2241379310, -0.0969968229, 0.0505245019, 0.0109366855, -0.0000161217, 0.1242117611
0.2586206897, 0.2241379310, -0.1100218619, 0.0403596782, 0.0117190928, -0.0000192827, 0.1024361436
0.2931034483, 0.2241379310, -0.1195292769, 0.0282459826, 0.0122821348, -0.0000213347, 0.0949738504
0.3275862069, 0.2241379310, -0.1253016149, 0.0150070239, 0.0126197090, -0.0000223498, 0.0958002694
0.3620689655, 0.2241379310, -0.1274099509, 0.0015449946, 0.0127419318, -0.0000221356, 0.1123907470
0.3965517241, 0.2241379310, -0.1261456222, -0.0108715691, 0.0126613226, -0.0000207408, 0.1509925989
0.4310344828, 0.2241379310, -0.1221383835, -0.0211749629, 0.0123960331, -0.0000186658, 0.2060435748
0.4655172414, 0.2241379310, -0.1163160718, -0.0289350721, 0.0119861032, -0.0000166484, 0.2692712244
0.5000000000, 0.2241379310, -0.1095794461, -0.0344498571, 0.0114867087, -0.0000155317, 0.3346090017
0.5344827586, 0.2241379310, -0.1023117604, -0.0384370118, 0.0109293642, -0.0000153078, 0.4023470708
0.5689655172, 0.2241379310, -0.0943836015, -0.0411900847, 0.0102980033, -0.0000151450, 0.4743968809
0.6034482759, 0.2241379310, -0.0855968970, -0.0426067670, 0.0095614671, -0.0000148173, 0.5422547371
0.6379310345, 0.2241379310, -0.0758019970, -0.0426700987, 0.0086986666, -0.0000140533, 0.5953026448
0.6724137931, 0.2241379310, -0.0649704747, -0.0412254236, 0.0076946073, -0.0000124378, 0.6302512932
0.7068965517, 0.2241379310, -0.0533973484, -0.0380149697, 0.0065547042, -0.0000100741, 0.6443453551
0.7413793103, 0.2241379310, -0.0416595950, -0.0329740812, 0.0053130141, -0.0000071930, 0.6321626921
0.7758620690, 0.2241379310, -0.0304350203, -0.0263325771, 0.0040245435, -0.0000041403, 0.5895189925
0.8103448276, 0.2241379310, -0.0204012556, -0.0186424217, 0.0027636047, -0.0000013638, 0.5181703950
0.8448275862, 0.2241379310, -0.0122017875, -0.0106741598, 0.0016211764, 0.0000007066, 0.4239194123
0.8793103448, 0.2241379310, -0.0062491406, -0.0033926552, 0.0007110687, 0.0000017202, 0.3082610836
0.9137931034, 0.2241379310, -0.0025303826, 0.0019752366, 0.0003210046, 0.0000014116, 0.1705904590
0.9482758621, 0.2241379310, -0.0006941152, 0.0040366895, 0.0004095932, -0.0000005207, 0.0238052385
0.9827586207, 0.2241379310, -0.0000735897, 0.0020786731, 0.0002079975, -0.0000029907, -0.1117468706
0.0172413793, 0.2586206897, -0.0020303003, 0.0223854914, 0.0022477374, 0.0000321470, 1.2356511371
0.0517241379, 0.2586206897, -0.0131584391, 0.0563249808, 0.0057841577, 0.0000158876, 0.7762376298
0.0862068966, 0.2586206897, -0.0309237869, 0.0733225615, 0.0079576872, 0.0000054522, 0.4358436366
0.1206896552, 0.2586206897, -0.0511766047, 0.0801783486, 0.0095118938, -0.0000016775, 0.2509126636
0.1551724138, 0.2586206897, -0.0716914731, 0.0804155016, 0.0107732633, -0.0000070228, 0.1356199486
0.1896551724, 0.2586206897, -0.0912156811, 0.0755402852, 0.0118434096, -0.0000116679, 0.0397888299
0.2241379310, 0.2586206897, -0.1087516616, 0.0659964824, 0.0127210297, -0.0000159107, -0.0523663496
0.2586206897, 0.2586206897, -0.1233332766, 0.0524843715, 0.0134036213, -0.0000191356, -0.1243742741
0.2931034483, 0.2586206897, -0.1341262874, 0.0364112491, 0.0138980718, -0.0000212518, -0.1589574452
0.3275862069, 0.2586206897, -0.1406510810, 0.0191084936, 0.0141943162, -0.0000224150, -0.1572906571
0.3620689655, 0.2586206897, -0.1428803431, 0.0018274959, 0.0142892030, -0.0000220155, -0.1260514205
0.3965517241, 0.2586206897, -0.1412370767, -0.0138648132, 0.0141915978, -0.0000197854, -0.0678034332
0.4310344828, 0.2586206897, -0.1366811650, -0.0264695187, 0.0139220603, -0.0000165383, 0.0162329765
0.4655172414, 0.2586206897, -0.1306779428, -0.0352643157, 0.0135352491, -0.0000136680, 0.1143182749
0.5000000000, 0.2586206897, -0.1245690234, -0.0409979546, 0.0131142190, -0.0000127069, 0.2098571673
0.5344827586, 0.2586206897, -0.1187440148, -0.0452539616, 0.0127075025, -0.0000136745, 0.3050391960
0.5689655172, 0.2586206897, -0.1126466380, -0.0487348272, 0.0122736907, -0.0000149722, 0.4068234962
0.6034482759, 0.2586206897, -0.1054806355, -0.0513237903, 0.0117304288, -0.0000159813, 0.5056000146
0.6379310345, 0.2586206897, -0.0966067175, -0.0528682019, 0.0110126766, -0.0000162785, 0.5932069036
0.6724137931, 0.2586206897, -0.0857476786, -0.0528539929, 0.0100728392, -0.0000152453, 0.6681159209
0.7068965517, 0.2586206897, -0.0731103441, -0.0506171368, 0.0088922533, -0.0000129612, 0.7200643583
0.7413793103, 0.2586206897, -0.0592620787, -0.0458589321, 0.0074933541, -0.0000096429, 0.7360841267
0.7758620690, 0.2586206897, -0.0450720964, -0.0386684001, 0.0059386354, -0.0000057428, 0.7119739342
0.8103448276, 0.2586206897, -0.0316491423, -0.0295245072, 0.0043282384, -0.0000019260, 0.6494356821
0.8448275862, 0.2586206897, -0.0200691859, -0.0193487799, 0.0027877365, 0.0000011130, 0.5498741683
0.8793103448, 0.2586206897, -0.0110705101, -0.0095219896, 0.0014602208, 0.0000027672, 0.4164761121
0.9137931034, 0.2586206897, -0.0049692788, -0.0016647015, 0.0005240702, 0.0000026790, 0.2541777452
0.9482758621, 0.2586206897, -0.0015881049, 0.0023890877, 0.0002868766, 0.0000004426, 0.0776560875
0.9827586207, 0.2586206897, -0.0002084282, 0.0016503437, 0.0001663453, -0.0000023561, -0.0866937223
0.0172413793, 0.2931034483, -0.0021969617, 0.0287097396, 0.0028793676, 0.0000412334, 1.5869094343
0.0517241379, 0.2931034483, -0.0142097872, 0.0722773587, 0.0073660944, 0.0000212025, 0.9642441856
0.0862068966, 0.2931034483, -0.0334710594, 0.0937643303, 0.0099559336, 0.0000079941, 0.4798640829
0.1206896552, 0.2931034483, -0.0554613963, 0.1017438220, 0.0115878263, -0.0000001976, 0.2015813166
0.1551724138, 0.2931034483, -0.0776089578, 0.1014075183, 0.0127697436, -0.0000060385, 0.0262857848
0.1896551724, 0.2931034483, -0.0983534274, 0.0947791167, 0.0136588717, -0.0000108845, -0.1236907946
0.2241379310, 0.2931034483, -0.1164412641, 0.0824717816, 0.0142689042, -0.0000147700, -0.2788461094
0.2586206897, 0.2931034483, -0.1310295590, 0.0654814860, 0.0146480614, -0.0000167215, -0.4314257636
0.2931034483, 0.2931034483, -0.1419425724, 0.0454432744, 0.0149039542, -0.0000174826, -0.5519473753
0.3275862069, 0.2931034483, -0.1490377366, 0.0237644460, 0.0150920495, -0.0000183943, -0.6045578782
0.3620689655, 0.2931034483, -0.1516900563, 0.0019977822, 0.0151703211, -0.0000182676, -0.5694468493
0.3965517241, 0.2931034483, -0.1497665380, -0.0174915206, 0.0150784512, -0.0000155923, -0.4534539590
0.4310344828, 0.2931034483, -0.1446574017, -0.0322206546, 0.0148202343, -0.0000111399, -0.2868598966
0.4655172414, 0.2931034483, -0.1387285267, -0.0411927665, 0.0144715058, -0.0000072150, -0.1150737411
0.5000000000, 0.2931034483, -0.1340420001, -0.0459531473, 0.0141700210, -0.0000066696, 0.0283312747
0.5344827586, 0.2931034483, -0.1310858188, -0.0495541148, 0.0140139581, -0.0000097113, 0.1471604462
0.5689655172, 0.2931034483, -0.1285102231, -0.0536323433, 0.0139252668, -0.0000132857, 0.2648243072
0.6034482759, 0.2931034483, -0.1245992382, -0.0579480584, 0.0137415238, -0.0000162178, 0.3907404752
0.6379310345, 0.2931034483, -0.1182430205, -0.0618773154, 0.0133454914, -0.0000182552, 0.5218995563
0.6724137931, 0.2931034483, -0.1087963697, -0.0644449829, 0.0126450804, -0.0000184871, 0.6481011305
0.7068965517, 0.2931034483, -0.0960618986, -0.0645221461, 0.0115719470, -0.0000167276, 0.7502652543
0.7413793103, 0.2931034483, -0.0804752809, -0.0613173893, 0.0101173579, -0.0000130864, 0.8135277878
0.7758620690, 0.2931034483, -0.0632022460, -0.0544435358, 0.0083418358, -0.0000081809, 0.8304124008
0.8103448276, 0.2931034483, -0.0458703031, -0.0441938875, 0.0063696031, -0.0000030105, 0.7938241513
0.8448275862, 0.2931034483, -0.0301216263, -0.0317017399, 0.0043729997, 0.0000013620, 0.7009575945
0.8793103448, 0.2931034483, -0.0172875527, -0.0187675034, 0.0025516243, 0.0000040354, 0.5578909891
0.9137931034, 0.2931034483, -0.0081488051, -0.0075393799, 0.0011101589, 0.0000044681, 0.3703267968
0.9482758621, 0.2931034483, -0.0027346623, -0.0005791025, 0.0002795306, 0.0000020258, 0.1592670690
0.9827586207, 0.2931034483, -0.0003647335, 0.0007905244, 0.0000870609, -0.0000011130, -0.0360436899
0.0172413793, 0.3275862069, -0.0022564446, 0.0353728927, 0.0035444789, 0.0000508035, 1.9556525659
0.0517241379, 0.3275862069, -0.0146034474, 0.0891218528, 0.0090310383, 0.0000270376, 1.1608980746
0.0862068966, 0.3275862069, -0.0345513983, 0.1154715476, 0.0120529986, 0.0000109223, 0.5221812443
0.1206896552, 0.3275862069, -0.0574355764, 0.1246849588, 0.0137277764, 0.0000016813, 0.1355113071
0.1551724138, 0.3275862069, -0.0804689912, 0.1235374440, 0.0147433913, -0.0000047094, -0.1197079346
0.1896551724, 0.3275862069, -0.1016210182, 0.1144254493, 0.0153035992, -0.0000101445, -0.3435207430
0.2241379310, 0.3275862069, -0.1188185260, 0.0981551409, 0.0154117727, -0.0000138918, -0.5720116291
0.2586206897, 0.3275862069, -0.1306082828, 0.0767974768, 0.0151513617, -0.0000131984, -0.8095515368
0.2931034483, 0.3275862069, -0.1377779912, 0.0533096929, 0.0147731846, -0.0000092559, -1.0628358847
0.3275862069, 0.3275862069, -0.1424029265, 0.0284765354, 0.0145222266, -0.0000065261, -1.2837135571
0.3620689655, 0.3275862069, -0.1448641132, 0.0025950833, 0.0144887355, -0.0000056310, -1.3335971779
0.3965517241, 0.3275862069, -0.1441828266, -0.0209159646, 0.0145692021, -0.0000039947, -1.1370655408
0.4310344828, 0.3275862069, -0.1405989697, -0.0376595110, 0.0145555175, -0.0000003499, -0.7871308808
0.4655172414, 0.3275862069, -0.1364743154, -0.0458137723, 0.0143958815, 0.0000034816, -0.4406235817
0.5000000000, 0.3275862069, -0.1348842528, -0.0478790745, 0.0143129897, 0.0000028035, -0.2056376011
0.5344827586, 0.3275862069, -0.1365722070, -0.0495797847, 0.0145293230, -0.0000032210, -0.0778646108
0.5689655172, 0.3275862069, -0.1393043269, -0.0541109724, 0.0149444615, -0.0000096584, 0.0360041615
0.6034482759, 0.3275862069, -0.1406732266, -0.0605891386, 0.0153166577, -0.0000150886, 0.1886125167
0.6379310345, 0.3275862069, -0.1390967148, -0.0677827135, 0.0154733294, -0.0000197739, 0.3621638353
0.6724137931, 0.3275862069, -0.1330891390, -0.0744740520, 0.0152509355, -0.0000220650, 0.5350285099
0.7068965517, 0.3275862069, -0.1217251819, -0.0788225053, 0.0145017265, -0.0000212821, 0.6962995717
0.7413793103, 0.3275862069, -0.1052888330, -0.0790174290, 0.0131641530, -0.0000175222, 0.8321379480
0.7758620690, 0.3275862069, -0.0852184154, -0.0738589046, 0.0112771078, -0.0000116116, 0.9205884559
0.8103448276, 0.3275862069, -0.0636538396, -0.0633091907, 0.0089776750, -0.0000048418, 0.9387826515
0.8448275862, 0.3275862069, -0.0429847048, -0.0485905514, 0.0064874699, 0.0000013344, 0.8763481917
0.8793103448, 0.3275862069, -0.0253833908, -0.0319582114, 0.0040812300, 0.0000055574, 0.7368214523
0.9137931034, 0.3275862069, -0.0123206570, -0.0163438082, 0.0020467502, 0.0000068883, 0.5270166896
0.9482758621, 0.3275862069, -0.0042421364, -0.0052828361, 0.0006775255, 0.0000043804, 0.2791509179
0.9827586207, 0.3275862069, -0.0005740534, -0.0006175270, 0.0000843135, 0.0000009218, 0.0497153224
0.0172413793, 0.3620689655, -0.0021723669, 0.0420025535, 0.0042058693, 0.0000603282, 2.3267196999
0.0517241379, 0.3620689655, -0.0141730684, 0.1060818477, 0.0107024456, 0.0000332141, 1.3591389359
0.0862068966, 0.3620689655, -0.0339204530, 0.1375392703, 0.0141660326, 0.0000141142, 0.5615049238
0.1206896552, 0.3620689655, -0.0567411073, 0.1480657156, 0.0158565474, 0.0000036558, 0.0584036477
0.1551724138, 0.3620689655, -0.0796127476, 0.1459362266, 0.0166239501, -0.0000033930, -0.2988535066
0.1896551724, 0.3620689655, -0.1000446448, 0.1334016004, 0.0166748067, -0.0000098469, -0.6458099874
0.2241379310, 0.3620689655, -0.1146201588, 0.1108426493, 0.0159448655, -0.0000141616, -1.0042975482
0.2586206897, 0.3620689655, -0.1200438666, 0.0821461280, 0.0145459672, -0.0000099697, -1.3391686426
0.2931034483, 0.3620689655, -0.1169644873, 0.0541160981, 0.0128876853, 0.0000028612, -1.6713582215
0.3275862069, 0.3620689655, -0.1112203767, 0.0287816670, 0.0114884100, 0.0000151738, -2.0072612535
0.3620689655, 0.3620689655, -0.1091103371, 0.0036736420, 0.0109172164, 0.0000204259, -2.1878054757
0.3965517241, 0.3620689655, -0.1116028192, -0.0206514082, 0.0113497444, 0.0000199093, -2.0091967651
0.4310344828, 0.3620689655, -0.1152703210, -0.0389482206, 0.0121672556, 0.0000186418, -1.4814270625
0.4655172414, 0.3620689655, -0.1185602569, -0.0461334888, 0.0127219626, 0.0000190322, -0.8885313388
0.5000000000, 0.3620689655, -0.1236261090, -0.0446273774, 0.0131434461, 0.0000159451, -0.5247750266
0.5344827586, 0.3620689655, -0.1319477436, -0.0436222721, 0.0138971615, 0.0000064338, -0.3828988660
0.5689655172, 0.3620689655, -0.1420026225, -0.0481196734, 0.0149934145, -0.0000036373, -0.2627185554
0.6034482759, 0.3620689655, -0.1512787391, -0.0567491540, 0.0161572657, -0.0000125822, -0.0899294150
0.6379310345, 0.3620689655, -0.1571047501, -0.0681990352, 0.0171268826, -0.0000208115, 0.0941247035
0.6724137931, 0.3620689655, -0.1567346794, -0.0810225367, 0.0176438123, -0.0000255993, 0.2890888326
0.7068965517, 0.3620689655, -0.1486259357, -0.0920545048, 0.0174824771, -0.0000261087, 0.5127198556
0.7413793103, 0.3620689655, -0.1329005042, -0.0980227036, 0.0165139318, -0.0000226435, 0.7444535191
0.7758620690, 0.3620689655, -0.1109828668, -0.0966779965, 0.0147186384, -0.0000159960, 0.9392495248
0.8103448276, 0.3620689655, -0.0853455810, -0.0872985251, 0.0122085628, -0.0000074979, 1.0538169511
0.8448275862, 0.3620689655, -0.0592084532, -0.0708831334, 0.0092358321, 0.0000009690, 1.0605969873
0.8793103448, 0.3620689655, -0.0358560821, -0.0501235255, 0.0061628130, 0.0000073539, 0.9518020673
0.9137931034, 0.3620689655, -0.0178194084, -0.0289551388, 0.0033998991, 0.0000100917, 0.7324271779
0.9482758621, 0.3620689655, -0.0062601685, -0.0122680577, 0.0013772979, 0.0000077663, 0.4477982801
0.9827586207, 0.3620689655, -0.0008584215, -0.0027666279, 0.0002896743, 0.0000040290, 0.1809766767
0.0172413793, 0.3965517241, -0.0019394123, 0.0481634319, 0.0048202464, 0.0000691878, 2.6791479601
0.0517241379, 0.3965517241, -0.0128004503, 0.1222285496, 0.0122896989, 0.0000395849, 1.5527214239
0.0862068966, 0.3965517241, -0.0312920079, 0.1590303423, 0.0162079732, 0.0000177461, 0.5936454649
0.1206896552, 0.3965517241, -0.0530664579, 0.1708750839, 0.0178925524, 0.0000058588, -0.0428936552
0.1551724138, 0.3965517241, -0.0745225197, 0.1672845295, 0.0183133066, -0.0000020836, -0.5276272511
0.1896551724, 0.3965517241, -0.0921759757, 0.1498806126, 0.0175956269, -0.0000098117, -1.0607701850
0.2241379310, 0.3965517241, -0.1008120985, 0.1174415925, 0.0154775989, -0.0000148458, -1.6398046251
0.2586206897, 0.3965517241, -0.0949783759, 0.0762270144, 0.0121784439, -0.0000060373, -2.0781715244
0.2931034483, 0.3965517241, -0.0758763680, 0.0401779457, 0.0085857385, 0.0000169180, -2.2453452940
0.3275862069, 0.3965517241, -0.0544135720, 0.0172795538, 0.0057091329, 0.0000373494, -2.2409010720
0.3620689655, 0.3965517241, -0.0434140521, 0.0025463397, 0.0043488663, 0.0000446517, -2.2582514371
0.3965517241, 0.3965517241, -0.0482393950, -0.0128938150, 0.0049932852, 0.0000412306, -2.2163774094
0.4310344828, 0.3965517241, -0.0639136666, -0.0287768945, 0.0070093270, 0.0000350479, -1.8783885262
0.4655172414, 0.3965517241, -0.0808754490, -0.0365687800, 0.0088758740, 0.0000339260, -1.3358230873
0.5000000000, 0.3965517241, -0.0961816550, -0.0335854889, 0.0101876866, 0.0000318215, -0.9172754627
0.5344827586, 0.3965517241, -0.1136576846, -0.0295088182, 0.0117425890, 0.0000194966, -0.7110155459
0.5689655172, 0.3965517241, -0.1343126877, -0.0327926851, 0.0138257941, 0.0000039248, -0.5668158149
0.6034482759, 0.3965517241, -0.1545505598, -0.0436786742, 0.0160604178, -0.0000098070, -0.4262168370
0.6379310345, 0.3965517241, -0.1698614564, -0.0609606378, 0.0180469149, -0.0000215375, -0.2958188105
0.6724137931, 0.3965517241, -0.1768817695, -0.0821132585, 0.0195012173, -0.0000284167, -0.1128613257
0.7068965517, 0.3965517241, -0.1740853388, -0.1022120044, 0.0201873720, -0.0000303453, 0.1626045388
0.7413793103, 0.3965517241, -0.1612539467, -0.1166395644, 0.0199016641, -0.0000277682, 0.4952799111
0.7758620690, 0.3965517241, -0.1392700662, -0.1219287564, 0.0185102061, -0.0000209274, 0.8246102710
0.8103448276, 0.3965517241, -0.1105360076, -0.1160638705, 0.0160277980, -0.0000108516, 1.0861305752
0.8448275862, 0.3965517241, -0.0789543250, -0.0992402651, 0.0126816464, 0.0000002303, 1.2199841694
0.8793103448, 0.3965517241, -0.0490969181, -0.0743299755, 0.0089081158, 0.0000094394, 1.1902421528
0.9137931034, 0.3965517241, -0.0249774083, -0.0464265096, 0.0052718988, 0.0000142657, 0.9895062706
0.9482758621, 0.3965517241, -0.0089362655, -0.0222687434, 0.0023994870, 0.0000125052, 0.6765066847
0.9827586207, 0.3965517241, -0.0012379954, -0.0059113155, 0.0006039560, 0.0000085737, 0.3739889143
0.0172413793, 0.4310344828, -0.0015476314, 0.0533993947, 0.0053421817, 0.0000767395, 2.9856062781
0.0517241379, 0.4310344828, -0.0103903941, 0.1364377824, 0.0136832850, 0.0000459074, 1.7332882804
0.0862068966, 0.4310344828, -0.0262149853, 0.1787123331, 0.0180624814, 0.0000220528, 0.6240035041
0.1206896552, 0.4310344828, -0.0455287370, 0.1919959183, 0.0197320294, 0.0000087270, -0.1726635992
0.1551724138, 0.4310344828, -0.0642191326, 0.1859379749, 0.0196715601, -0.0000010295, -0.8311788506
0.1896551724, 0.4310344828, -0.0767310173, 0.1606339633, 0.0178019435, -0.0000122225, -1.5863612275
0.2241379310, 0.4310344828, -0.0751837828, 0.1131555998, 0.0135855773, -0.0000200912, -2.3562326122
0.2586206897, 0.4310344828, -0.0539853393, 0.0543831476, 0.0076628608, -0.0000072851, -2.6637789665
0.2931034483, 0.4310344828, -0.0210605483, 0.0109740731, 0.0023748199, 0.0000211691, -2.2102884779
0.3275862069, 0.4310344828, 0.0056929189, -0.0033058514, 0.0006583159, 0.0000367633, -1.4172346756
0.3620689655, 0.4310344828, 0.0164577725, -0.0006743209, 0.0016471581, 0.0000339484, -0.9507565232
0.3965517241, 0.4310344828, 0.0099275611, 0.0006117063, 0.0009946389, 0.0000247829, -1.0043211698
0.4310344828, 0.4310344828, -0.0094012497, -0.0074297481, 0.0011982681, 0.0000207860, -1.2839888429
0.4655172414, 0.4310344828, -0.0312431211, -0.0165390662, 0.0035350719, 0.0000329304, -1.3273374245
0.5000000000, 0.4310344828, -0.0533057704, -0.0132086286, 0.0054917875, 0.0000443268, -1.0564512545
0.5344827586, 0.4310344828, -0.0821193850, -0.0037154376, 0.0082203393, 0.0000315131, -0.8237551979
0.5689655172, 0.4310344828, -0.1170817327, -0.0046713078, 0.0117174883, 0.0000086027, -0.7769404042
0.6034482759, 0.4310344828, -0.1500524271, -0.0195778174, 0.0151324227, -0.0000092746, -0.8020503277
0.6379310345, 0.4310344828, -0.1751380371, -0.0450042874, 0.0180827868, -0.0000223272, -0.7910590964
0.6724137931, 0.4310344828, -0.1902025062, -0.0761753550, 0.0204889429, -0.0000299037, -0.6534131868
0.7068965517, 0.4310344828, -0.1943663477, -0.1070926002, 0.0221916881, -0.0000330686, -0.3635803990
0.7413793103, 0.4310344828, -0.1867744915, -0.1325265860, 0.0229015298, -0.0000318909, 0.0422521280
0.7758620690, 0.4310344828, -0.1672768468, -0.1476750287, 0.0223135514, -0.0000256319, 0.5128659826
0.8103448276, 0.4310344828, -0.1375626466, -0.1485565489, 0.0202466121, -0.0000145876, 0.9670032086
0.8448275862, 0.4310344828, -0.1016113975, -0.1336914245, 0.0167923414, -0.0000009011, 1.2988738104
0.8793103448, 0.4310344828, -0.0651279923, -0.1054297947, 0.0123923755, 0.0000117727, 1.4210614949
0.9137931034, 0.4310344828, -0.0339999880, -0.0698976657, 0.0077728263, 0.0000195599, 1.2920827576
0.9482758621, 0.4310344828, -0.0124006079, -0.0361734588, 0.0038239956, 0.0000189639, 0.9759965507
0.9827586207, 0.4310344828, -0.0017362429, -0.0103729820, 0.0010517286, 0.0000150218, 0.6497369969
0.0172413793, 0.4655172414, -0.0010026812, 0.0572365030, 0.0057245285, 0.0000822836, 3.2206752586
0.0517241379, 0.4655172414, -0.0070246347, 0.1474858577, 0.0147653052, 0.0000514175, 1.8911962417
0.0862068966, 0.4655172414, -0.0187685964, 0.1949508381, 0.0195852213, 0.0000261408, 0.6681444181
0.1206896552, 0.4655172414, -0.0339329817, 0.2099021661, 0.0212627295, 0.0000111354, -0.2917814864
0.1551724138, 0.4655172414, -0.0485617953, 0.2005760820, 0.0206371056, -0.0000022233, -1.1778302601
0.1896551724, 0.4655172414, -0.0555541282, 0.1636238929, 0.0172797684, -0.0000217551, -2.1731944973
0.2241379310, 0.4655172414, -0.0445641134, 0.0957319277, 0.0105596222, -0.0000381211, -2.8939447366
0.2586206897, 0.4655172414, -0.0134510084, 0.0198211218, 0.0023954258, -0.0000245272, -2.5085855852
0.2931034483, 0.4655172414, 0.0188683212, -0.0196542792, 0.0027245261, 0.0000063103, -1.0783366453
0.3275862069, 0.4655172414, 0.0316783564, -0.0149196055, 0.0035015895, 0.0000132283, 0.2139751253
0.3620689655, 0.4655172414, 0.0260729210, 0.0038331261, 0.0026353179, -0.0000014160, 0.6781786150
0.3965517241, 0.4655172414, 0.0142687067, 0.0135615540, 0.0019685318, -0.0000183921, 0.4000449380
0.4310344828, 0.4655172414, 0.0074865155, 0.0064698241, 0.0009894773, -0.0000193891, -0.2195725529
0.4655172414, 0.4655172414, 0.0048861826, -0.0013348487, 0.0005065235, 0.0000147819, -0.4926211920
0.5000000000, 0.4655172414, -0.0104993192, 0.0133111057, 0.0016953502, 0.0000467997, -0.3425818824
0.5344827586, 0.4655172414, -0.0483096605, 0.0361461201, 0.0060335440, 0.0000332804, -0.4156498540
0.5689655172, 0.4655172414, -0.0965929707, 0.0372122859, 0.0103513073, 0.0000039534, -0.8324757729
0.6034482759, 0.4655172414, -0.1395697237, 0.0145614691, 0.0140327275, -0.0000134264, -1.1913496910
0.6379310345, 0.4655172414, -0.1719031943, -0.0211094491, 0.0173194449, -0.0000236437, -1.3303231239
0.6724137931, 0.4655172414, -0.1939071039, -0.0627424626, 0.0203805254, -0.0000299358, -1.2705735914
0.7068965517, 0.4655172414, -0.2053620595, -0.1050697348, 0.0230679918, -0.0000336493, -1.0297285021
0.7413793103, 0.4655172414, -0.2047503150, -0.1431384578, 0.0249822556, -0.0000339995, -0.6112283893
0.7758620690, 0.4655172414, -0.1906700969, -0.1710083667, 0.0256122914, -0.0000292155, -0.0311052125
0.8103448276, 0.4655172414, -0.1632422799, -0.1824192159, 0.0244795450, -0.0000183076, 0.6299244376
0.8448275862, 0.4655172414, -0.1254050749, -0.1731482837, 0.0213791396, -0.0000025039, 1.2245922535
0.8793103448, 0.4655172414, -0.0833074003, -0.1436573231, 0.0166064895, 0.0000141274, 1.5921053506
0.9137931034, 0.4655172414, -0.0448302281, -0.1003535506, 0.0109911712, 0.0000259614, 1.6199838700
0.9482758621, 0.4655172414, -0.0167216887, -0.0549431404, 0.0057431381, 0.0000274895, 1.3523997467
0.9827586207, 0.4655172414, -0.0023702198, -0.0165340804, 0.0016703106, 0.0000239276, 1.0327298886
0.0172413793, 0.5000000000, -0.0003800827, 0.0593264315, 0.0059327649, 0.0000853147, 3.3648285838
0.0517241379, 0.5000000000, -0.0031033861, 0.1544156873, 0.0154446869, 0.0000555109, 2.0175089045
0.0862068966, 0.5000000000, -0.0098776023, 0.2063798862, 0.0206616128, 0.0000293343, 0.7332789229
0.1206896552, 0.5000000000, -0.0197806319, 0.2231455588, 0.0224020566, 0.0000123777, -0.3643480157
0.1551724138, 0.5000000000, -0.0292677328, 0.2105023604, 0.0212527278, -0.0000053378, -1.4874985427
0.1896551724, 0.5000000000, -0.0316996890, 0.1610179216, 0.0164108627, -0.0000342443, -2.7023296102
0.2241379310, 0.5000000000, -0.0194041583, 0.0731582020, 0.0075687805, -0.0000589009, -3.1275219698
0.2586206897, 0.5000000000, 0.0036343562, -0.0110483569, 0.0011630767, -0.0000431945, -1.7745084776
0.2931034483, 0.5000000000, 0.0185667689, -0.0349127517, 0.0039542700, -0.0000062066, 0.3823331433
0.3275862069, 0.5000000000, 0.0144234189, -0.0082837872, 0.0016632984, 0.0000030260, 1.4378133371
0.3620689655, 0.5000000000, -0.0018320070, 0.0199570540, 0.0020040964, -0.0000098889, 1.0850923839
0.3965517241, 0.5000000000, -0.0150250470, 0.0221586853, 0.0026772362, -0.0000311871, 0.1598603345
0.4310344828, 0.5000000000, -0.0091547177, -0.0019902839, 0.0009368569, -0.0000360736, -0.1987076280
0.4655172414, 0.5000000000, 0.0095720357, -0.0083653072, 0.0012712287, 0.0000089197, 0.5945135633
0.5000000000, 0.5000000000, 0.0078015351, 0.0367537072, 0.0037572582, 0.0000479716, 1.2405095812
0.5344827586, 0.5000000000, -0.0295526976, 0.0850726669, 0.0090059539, 0.0000250656, 0.4963392091
0.5689655172, 0.5000000000, -0.0812542615, 0.0871192383, 0.0119130251, -0.0000092347, -0.7946665782
0.6034482759, 0.5000000000, -0.1262121144, 0.0538737051, 0.0137229275, -0.0000209568, -1.5643829582
0.6379310345, 0.5000000000, -0.1606955464, 0.0077773104, 0.0160883639, -0.0000250623, -1.8359907156
0.6724137931, 0.5000000000, -0.1865370270, -0.0431818156, 0.0191469924, -0.0000285791, -1.8802106987
0.7068965517, 0.5000000000, -0.2037465842, -0.0959130491, 0.0225193214, -0.0000318698, -1.7480044278
0.7413793103, 0.5000000000, -0.2105594414, -0.1464313333, 0.0256471078, -0.0000334950, -1.3933203026
0.7758620690, 0.5000000000, -0.2044124177, -0.1885151326, 0.0278069041, -0.0000310261, -0.7827491680
0.8103448276, 0.5000000000, -0.1831456283, -0.2140124873, 0.0281680077, -0.0000217291, 0.0420244438
0.8448275862, 0.5000000000, -0.1473041429, -0.2150190200, 0.0260637084, -0.0000048636, 0.9275407401
0.8793103448, 0.5000000000, -0.1021336282, -0.1881217209, 0.0214058543, 0.0000159277, 1.6345527827
0.9137931034, 0.5000000000, -0.0570088308, -0.1382744526, 0.0149565474, 0.0000331245, 1.9345779965
0.9482758621, 0.5000000000, -0.0218500858, -0.0794664100, 0.0082415633, 0.0000382810, 1.8026825232
0.9827586207, 0.5000000000, -0.0031422241, -0.0248059067, 0.0025004131, 0.0000358861, 1.5491471747
0.0172413793, 0.5344827586, 0.0002437438, 0.0595547254, 0.0059555224, 0.0000856827, 3.4075817348
0.0517241379, 0.5344827586, 0.0008902750, 0.1567871718, 0.0156789699, 0.0000580259, 2.1052085930
0.0862068966, 0.5344827586, -0.0006096851, 0.2123057404, 0.0212306616, 0.0000317509, 0.8133710217
0.1206896552, 0.5344827586, -0.0046830581, 0.2307626198, 0.0230810134, 0.0000126970, -0.3943326063
0.1551724138, 0.5344827586, -0.0081033262, 0.2149422452, 0.0215094939, -0.0000089304, -1.6857261504
0.1896551724, 0.5344827586, -0.0065307272, 0.1565821656, 0.0156718298, -0.0000417997, -2.9458607328
0.2241379310, 0.5344827586, -0.0009392216, 0.0601353974, 0.0060142732, -0.0000651899, -3.0616279962
0.2586206897, 0.5344827586, 0.0008579328, -0.0209785217, 0.0020996057, -0.0000422650, -1.2968885286
0.2931034483, 0.5344827586, -0.0047349121, -0.0329440163, 0.0033282542, 0.0000015310, 0.8495743364
0.3275862069, 0.5344827586, -0.0126113783, 0.0028799165, 0.0012936027, 0.0000169003, 1.4486129231
0.3620689655, 0.5344827586, -0.0183185641, 0.0323580293, 0.0037183489, 0.0000108639, 0.4191621506
0.3965517241, 0.5344827586, -0.0187034819, 0.0233918345, 0.0029949928, -0.0000105845, -1.0430656839
0.4310344828, 0.5344827586, -0.0093335026, -0.0192474892, 0.0021391122, -0.0000176910, -0.9946322083
0.4655172414, 0.5344827586, 0.0026292383, -0.0230445119, 0.0023194017, 0.0000297456, 1.1895232426
0.5000000000, 0.5344827586, -0.0026137300, 0.0545924771, 0.0054655010, 0.0000609474, 2.6555112737
0.5344827586, 0.5344827586, -0.0321744197, 0.1297409841, 0.0133670925, 0.0000212824, 1.3682248965
0.5689655172, 0.5344827586, -0.0729873409, 0.1335906470, 0.0152228818, -0.0000191933, -0.7571249976
0.6034482759, 0.5344827586, -0.1110231717, 0.0914765989, 0.0143854485, -0.0000262960, -1.8839324817
0.6379310345, 0.5344827586, -0.1423386656, 0.0372281700, 0.0147126586, -0.0000249317, -2.2548037170
0.6724137931, 0.5344827586, -0.1679277601, -0.0205715244, 0.0169183097, -0.0000255873, -2.3982951161
0.7068965517, 0.5344827586, -0.1880595477, -0.0809997698, 0.0204761706, -0.0000278988, -2.3970179707
0.7413793103, 0.5344827586, -0.2012613432, -0.1416003261, 0.0246082873, -0.0000304874, -2.1729432407
0.7758620690, 0.5344827586, -0.2042685497, -0.1972072830, 0.0283930190, -0.0000309378, -1.6423618326
0.8103448276, 0.5344827586, -0.1926444047, -0.2389970789, 0.0306971449, -0.0000248506, -0.7631724551
0.8448275862, 0.5344827586, -0.1634826354, -0.2552140337, 0.0303085425, -0.0000085645, 0.3713856669
0.8793103448, 0.5344827586, -0.1192906111, -0.2364286932, 0.0264818385, 0.0000161302, 1.4778311703
0.9137931034, 0.5344827586, -0.0695940894, -0.1832378386, 0.0196008782, 0.0000401931, 2.1795354897
0.9482758621, 0.5344827586, -0.0275760754, -0.1103489303, 0.0113742368, 0.0000512211, 2.3102755877
0.9827586207, 0.5344827586, -0.0040344887, -0.0355755204, 0.0035803558, 0.0000514537, 2.2227958343
0.0172413793, 0.5689655172, 0.0007930513, 0.0580185865, 0.0058024006, 0.0000834940, 3.3538864424
0.0517241379, 0.5689655172, 0.0044608294, 0.1547008669, 0.0154765168, 0.0000587341, 2.1485378382
0.0862068966, 0.5689655172, 0.0080032925, 0.2125019385, 0.0212652596, 0.0000329540, 0.8938317981
0.1206896552, 0.5689655172, 0.0100512251, 0.2320544334, 0.0232272011, 0.0000113936, -0.3815090166
0.1551724138, 0.5689655172, 0.0128087889, 0.2135896181, 0.0213973340, -0.0000135556, -1.6960518335
0.1896551724, 0.5689655172, 0.0166562723, 0.1530734098, 0.0153976947, -0.0000442002, -2.7666116880
0.2241379310, 0.5689655172, 0.0141819128, 0.0629865619, 0.0064563408, -0.0000588761, -2.7615695301
0.2586206897, 0.5689655172, -0.0000044692, -0.0092793951, 0.0009279396, -0.0000299711, -1.3679143904
0.2931034483, 0.5689655172, -0.0161661264, -0.0227828555, 0.0027935679, 0.0000136698, 0.2310991891
0.3275862069, 0.5689655172, -0.0201788750, 0.0041076554, 0.0020592713, 0.0000280419, 0.6725486610
0.3620689655, 0.5689655172, -0.0102278235, 0.0261255456, 0.0028056238, 0.0000189908, -0.1359551706
0.3965517241, 0.5689655172, 0.0053049989, 0.0134448069, 0.0014453576, -0.0000067741, -1.2234808053
0.4310344828, 0.5689655172, 0.0130042605, -0.0254561285, 0.0028585403, -0.0000108618, -0.7584879645
0.4655172414, 0.5689655172, 0.0013759163, -0.0152514392, 0.0015313378, 0.0000422727, 1.6413582322
0.5000000000, 0.5689655172, -0.0225516774, 0.0759555449, 0.0079232714, 0.0000700889, 3.0541141291
0.5344827586, 0.5689655172, -0.0449148653, 0.1594470039, 0.0165652323, 0.0000246570, 1.6181339572
0.5689655172, 0.5689655172, -0.0673031296, 0.1664735071, 0.0179563749, -0.0000189354, -0.7365009038
0.6034482759, 0.5689655172, -0.0926482133, 0.1218638680, 0.0153083290, -0.0000267167, -2.0796235430
0.6379310345, 0.5689655172, -0.1172399651, 0.0632396143, 0.0133208326, -0.0000232695, -2.5509583838
0.6724137931, 0.5689655172, -0.1393653037, 0.0016341726, 0.0139374884, -0.0000216869, -2.7578330106
0.7068965517, 0.5689655172, -0.1594638017, -0.0627369149, 0.0171361094, -0.0000228211, -2.8632895940
0.7413793103, 0.5689655172, -0.1769088000, -0.1294024954, 0.0219184236, -0.0000260223, -2.8028523831
0.7758620690, 0.5689655172, -0.1885428373, -0.1955153891, 0.0271614928, -0.0000295115, -2.4557363025
0.8103448276, 0.5689655172, -0.1885197959, -0.2534371874, 0.0315864087, -0.0000279705, -1.6763581807
0.8448275862, 0.5689655172, -0.1703485618, -0.2887798103, 0.0335279602, -0.0000143747, -0.4205550410
0.8793103448, 0.5689655172, -0.1320768242, -0.2846987084, 0.0313843340, 0.0000132694, 1.0726767254
0.9137931034, 0.5689655172, -0.0812418603, -0.2336180592, 0.0247341136, 0.0000456934, 2.2895738219
0.9482758621, 0.5689655172, -0.0335171185, -0.1476735060, 0.0151429395, 0.0000657149, 2.8428149061
0.9827586207, 0.5689655172, -0.0050071672, -0.0491403060, 0.0049394751, 0.0000710470, 3.0683753193
0.0172413793, 0.6034482759, 0.0011869999, 0.0550639709, 0.0055076763, 0.0000792527, 3.2191787030
0.0517241379, 0.6034482759, 0.0071986036, 0.1487603173, 0.0148934388, 0.0000578134, 2.1389179598
0.0862068966, 0.6034482759, 0.0151003091, 0.2071806491, 0.0207730211, 0.0000327026, 0.9612502370
0.1206896552, 0.6034482759, 0.0227155881, 0.2271871149, 0.0228319914, 0.0000087293, -0.2966184454
0.1551724138, 0.6034482759, 0.0298847422, 0.2082188919, 0.0210352573, -0.0000177168, -1.4942321822
0.1896551724, 0.6034482759, 0.0336670226, 0.1521353356, 0.0155816009, -0.0000427440, -2.3307414368
0.2241379310, 0.6034482759, 0.0271610446, 0.0749523824, 0.0079721904, -0.0000498519, -2.3846231734
0.2586206897, 0.6034482759, 0.0094274390, 0.0109338100, 0.0014436925, -0.0000232415, -1.5734406550
0.2931034483, 0.6034482759, -0.0072857367, -0.0114125949, 0.0013539914, 0.0000126970, -0.5279888481
0.3275862069, 0.6034482759, -0.0100856435, -0.0017436391, 0.0010235257, 0.0000222917, -0.0062377184
0.3620689655, 0.6034482759, 0.0003948060, 0.0093751540, 0.0009383463, 0.0000065098, -0.1286073989
0.3965517241, 0.6034482759, 0.0140928306, 0.0000542630, 0.0014092935, -0.0000218522, -0.3129139481
0.4310344828, 0.6034482759, 0.0142797661, -0.0174225248, 0.0022526786, -0.0000190420, 0.5137420036
0.4655172414, 0.6034482759, -0.0091562077, 0.0135672603, 0.0016367855, 0.0000364883, 2.1675062869
0.5000000000, 0.6034482759, -0.0385438475, 0.1012057240, 0.0108296938, 0.0000639719, 2.6820150731
0.5344827586, 0.6034482759, -0.0532519029, 0.1737853194, 0.0181761114, 0.0000274204, 1.2626578519
0.5689655172, 0.6034482759, -0.0597773110, 0.1822117185, 0.0191766622, -0.0000116125, -0.7587113227
0.6034482759, 0.6034482759, -0.0708347512, 0.1417704189, 0.0158481588, -0.0000229543, -2.1026651908
0.6379310345, 0.6034482759, -0.0866401966, 0.0834079184, 0.0120263895, -0.0000209936, -2.6839099943
0.6724137931, 0.6034482759, -0.1037089092, 0.0209409705, 0.0105801995, -0.0000181861, -2.9303823110
0.7068965517, 0.6034482759, -0.1216279678, -0.0437455851, 0.0129255711, -0.0000180193, -3.0891038759
0.7413793103, 0.6034482759, -0.1407396530, -0.1118919736, 0.0179798397, -0.0000213116, -3.1772157636
0.7758620690, 0.6034482759, -0.1589421174, -0.1838408669, 0.0243022758, -0.0000274363, -3.0726645725
0.8103448276, 0.6034482759, -0.1702979169, -0.2550629280, 0.0306689546, -0.0000312457, -2.5431912477
0.8448275862, 0.6034482759, -0.1657403605, -0.3111029569, 0.0352498109, -0.0000227075, -1.3589369299
0.8793103448, 0.6034482759, -0.1381065652, -0.3281128528, 0.0355993634, 0.0000059142, 0.4119190281
0.9137931034, 0.6034482759, -0.0904705298, -0.2865802833, 0.0300521506, 0.0000476714, 2.2045995615
0.9482758621, 0.6034482759, -0.0391545227, -0.1908215448, 0.0194797173, 0.0000806150, 3.3550088670
0.9827586207, 0.6034482759, -0.0059915330, -0.0656335922, 0.0065906501, 0.0000948423, 4.0846447154
0.0172413793, 0.6379310345, 0.0014494343, 0.0511375920, 0.0051158129, 0.0000736512, 3.0204821030
0.0517241379, 0.6379310345, 0.0090659242, 0.1398536117, 0.0140147150, 0.0000556042, 2.0785472747
0.0862068966, 0.6379310345, 0.0201369702, 0.1972735672, 0.0198298658, 0.0000310989, 1.0224085154
0.1206896552, 0.6379310345, 0.0315459123, 0.2178666377, 0.0220138630, 0.0000061349, -0.1330085598
0.1551724138, 0.6379310345, 0.0408075049, 0.2013994999, 0.0205492119, -0.0000191484, -1.1778266686
0.1896551724, 0.6379310345, 0.0441305516, 0.1530849036, 0.0159318842, -0.0000388323, -1.8784600758
0.2241379310, 0.6379310345, 0.0374371577, 0.0877203450, 0.0095375048, -0.0000438126, -2.0313297796
0.2586206897, 0.6379310345, 0.0221437020, 0.0295439337, 0.0036921370, -0.0000256103, -1.5893755450
0.2931034483, 0.6379310345, 0.0075694486, -0.0003483235, 0.0007577459, 0.0000008829, -0.8194155114
0.3275862069, 0.6379310345, 0.0010390613, -0.0033350627, 0.0003493178, 0.0000097993, -0.1925914132
0.3620689655, 0.6379310345, 0.0004395543, 0.0010462776, 0.0001134859, -0.0000022210, 0.0549554674
0.3965517241, 0.6379310345, 0.0000875925, -0.0032098144, 0.0003211009, -0.0000203680, 0.3243752738
0.4310344828, 0.6379310345, -0.0089132252, -0.0019264845, 0.0009119042, -0.0000086660, 1.2064861286
0.4655172414, 0.6379310345, -0.0294790271, 0.0411828566, 0.0050646231, 0.0000379192, 2.1942401945
0.5000000000, 0.6379310345, -0.0473001751, 0.1188639395, 0.0127929444, 0.0000565657, 2.0650708936
0.5344827586, 0.6379310345, -0.0509887227, 0.1766345641, 0.0183846727, 0.0000290503, 0.7324078424
0.5689655172, 0.6379310345, -0.0469931112, 0.1837473021, 0.0189661339, -0.0000022080, -0.8497827339
0.6034482759, 0.6379310345, -0.0464406209, 0.1501869593, 0.0157203225, -0.0000161833, -2.0063652221
0.6379310345, 0.6379310345, -0.0529721726, 0.0965329266, 0.0110112020, -0.0000177728, -2.6384150333
0.6724137931, 0.6379310345, -0.0644234754, 0.0362265877, 0.0073910418, -0.0000154541, -2.9243249594
0.7068965517, 0.6379310345, -0.0792550991, -0.0260707714, 0.0083432942, -0.0000143385, -3.0912926475
0.7413793103, 0.6379310345, -0.0978857533, -0.0917306308, 0.0134149653, -0.0000171355, -3.2692238468
0.7758620690, 0.6379310345, -0.1198058901, -0.1643121406, 0.0203351742, -0.0000250062, -3.4036593463
0.8103448276, 0.6379310345, -0.1403893860, -0.2439495475, 0.0281461474, -0.0000342774, -3.2232264153
0.8448275862, 0.6379310345, -0.1496786984, -0.3192253787, 0.0352574184, -0.0000330996, -2.3130640433
0.8793103448, 0.6379310345, -0.1359623595, -0.3618892198, 0.0386587080, -0.0000066463, -0.4603685086
0.9137931034, 0.6379310345, -0.0959919013, -0.3383896282, 0.0351741362, 0.0000441149, 1.8832481575
0.9482758621, 0.6379310345, -0.0439503492, -0.2384628930, 0.0242479246, 0.0000942447, 3.7950792264
0.9827586207, 0.6379310345, -0.0069016834, -0.0849534294, 0.0085233317, 0.0001226680, 5.2533761949
0.0172413793, 0.6724137931, 0.0016059930, 0.0465799487, 0.0046607626, 0.0000671367, 2.7862618573
0.0517241379, 0.6724137931, 0.0099864909, 0.1291279520, 0.0129513544, 0.0000521473, 1.9899911262
0.0862068966, 0.6724137931, 0.0226024030, 0.1845665526, 0.0185945371, 0.0000286761, 1.0753678838
0.1206896552, 0.6724137931, 0.0360145249, 0.2061179857, 0.0209240699, 0.0000052115, 0.0550962332
0.1551724138, 0.6724137931, 0.0463324335, 0.1941187772, 0.0199571526, -0.0000177136, -0.8462289270
0.1896551724, 0.6724137931, 0.0495368384, 0.1544307542, 0.0162181245, -0.0000347872, -1.4777243990
0.2241379310, 0.6724137931, 0.0437117836, 0.0987168567, 0.0107961742, -0.0000405505, -1.7210890894
0.2586206897, 0.6724137931, 0.0309708771, 0.0450638313, 0.0054680381, -0.0000293872, -1.4513434650
0.2931034483, 0.6724137931, 0.0163466815, 0.0122288917, 0.0020414695, -0.0000096111, -0.7835691386
0.3275862069, 0.6724137931, 0.0045911240, 0.0034098803, 0.0005718890, 0.0000012434, -0.1772760769
0.3620689655, 0.6724137931, -0.0032699779, 0.0046129917, 0.0005654418, -0.0000011471, 0.0795420327
0.3965517241, 0.6724137931, -0.0112506400, 0.0043782008, 0.0012072512, -0.0000051816, 0.3369061720
0.4310344828, 0.6724137931, -0.0245335029, 0.0147426434, 0.0028622339, 0.0000117932, 1.0083832166
0.4655172414, 0.6724137931, -0.0396926938, 0.0579712561, 0.0070257928, 0.0000455230, 1.6542961536
0.5000000000, 0.6724137931, -0.0455108223, 0.1234377049, 0.0131560260, 0.0000537505, 1.4327143456
0.5344827586, 0.6724137931, -0.0388794259, 0.1702214298, 0.0174605111, 0.0000309450, 0.3308039320
0.5689655172, 0.6724137931, -0.0276192101, 0.1763086419, 0.0178458841, 0.0000056996, -0.9260421519
0.6034482759, 0.6724137931, -0.0196791114, 0.1490396242, 0.0150333220, -0.0000087960, -1.8676482233
0.6379310345, 0.6724137931, -0.0186409107, 0.1024682594, 0.0104150025, -0.0000135228, -2.4542103891
0.6724137931, 0.6724137931, -0.0246350238, 0.0473333986, 0.0053360426, -0.0000129745, -2.7637375853
0.7068965517, 0.6724137931, -0.0363925900, -0.0105869638, 0.0037901245, -0.0000118394, -2.9318634788
0.7413793103, 0.6724137931, -0.0535173086, -0.0713082178, 0.0089156964, -0.0000139427, -3.1329906845
0.7758620690, 0.6724137931, -0.0764259068, -0.1400298594, 0.0159528307, -0.0000222845, -3.4401022196
0.8103448276, 0.6724137931, -0.1029196782, -0.2222197740, 0.0244896076, -0.0000360850, -3.6352621166
0.8448275862, 0.6724137931, -0.1241583746, -0.3125389827, 0.0336297365, -0.0000439629, -3.1603171470
0.8793103448, 0.6724137931, -0.1255212624, -0.3824084826, 0.0402482093, -0.0000238188, -1.4609049812
0.9137931034, 0.6724137931, -0.0969233863, -0.3849404899, 0.0396955065, 0.0000335797, 1.3137524293
0.9482758621, 0.6724137931, -0.0474479258, -0.2886402751, 0.0292514126, 0.0001046766, 4.1088573492
0.9827586207, 0.6724137931, -0.0076916839, -0.1067814655, 0.0107058131, 0.0001539912, 6.5347374526
0.0172413793, 0.7068965517, 0.0014988536, 0.0418793463, 0.0041906160, 0.0000602201, 2.5457403873
0.0517241379, 0.7068965517, 0.0098117608, 0.1178734803, 0.0118281140, 0.0000484004, 1.8676654074
0.0862068966, 0.7068965517, 0.0229637016, 0.1705113429, 0.0172050718, 0.0000268655, 1.0922045910
0.1206896552, 0.7068965517, 0.0372983968, 0.1930440712, 0.0196614302, 0.0000060563, 0.2537162427
0.1551724138, 0.7068965517, 0.0474808889, 0.1869780483, 0.0192912481, -0.0000156121, -0.5126823689
0.1896551724, 0.7068965517, 0.0506406585, 0.1555255078, 0.0163562404, -0.0000313033, -1.1558952840
0.2241379310, 0.7068965517, 0.0467660341, 0.1074413898, 0.0117178130, -0.0000365379, -1.4641141799
0.2586206897, 0.7068965517, 0.0357483898, 0.0593176312, 0.0069256976, -0.0000287226, -1.2617519725
0.2931034483, 0.7068965517, 0.0199547486, 0.0274529511, 0.0033939012, -0.0000134520, -0.7434627717
0.3275862069, 0.7068965517, 0.0056490976, 0.0145589842, 0.0015616540, -0.0000021921, -0.2845626596
0.3620689655, 0.7068965517, -0.0040777826, 0.0123833592, 0.0013037480, 0.0000012658, -0.0166992193
0.3965517241, 0.7068965517, -0.0130176642, 0.0150507282, 0.0019899347, 0.0000042639, 0.2367562686
0.4310344828, 0.7068965517, -0.0248638401, 0.0291286548, 0.0038297377, 0.0000204138, 0.6711430954
0.4655172414, 0.7068965517, -0.0348733555, 0.0666096831, 0.0075186440, 0.0000444899, 1.0644688466
0.5000000000, 0.7068965517, -0.0338578872, 0.1186631537, 0.0123398949, 0.0000486708, 0.9024054570
0.5344827586, 0.7068965517, -0.0209318500, 0.1565806215, 0.0157973521, 0.0000308188, 0.1019532272
0.5689655172, 0.7068965517, -0.0043099408, 0.1631572991, 0.0163214215, 0.0000102921, -0.8904829180
0.6034482759, 0.7068965517, 0.0085223222, 0.1416446518, 0.0141900801, -0.0000032503, -1.6832482875
0.6379310345, 0.7068965517, 0.0145774907, 0.1024482617, 0.0103480189, -0.0000094065, -2.1922398778
0.6724137931, 0.7068965517, 0.0131238936, 0.0544387745, 0.0055998364, -0.0000104484, -2.4863339304
0.7068965517, 0.7068965517, 0.0043007658, 0.0027626800, 0.0005111652, -0.0000098594, -2.6676617546
0.7413793103, 0.7068965517, -0.0112603259, -0.0518914704, 0.0053099149, -0.0000116053, -2.8722756492
0.7758620690, 0.7068965517, -0.0334690174, -0.1142213341, 0.0119023898, -0.0000194639, -3.2551084573
0.8103448276, 0.7068965517, -0.0621907771, -0.1933856615, 0.0203139624, -0.0000357221, -3.7642077214
0.8448275862, 0.7068965517, -0.0919145002, -0.2925159257, 0.0306616768, -0.0000527179, -3.8192528542
0.8793103448, 0.7068965517, -0.1076117990, -0.3878516500, 0.0402503667, -0.0000433810, -2.5036308815
0.9137931034, 0.7068965517, -0.0928273097, -0.4224852236, 0.0432562913, 0.0000156562, 0.5148911234
0.9482758621, 0.7068965517, -0.0491607971, -0.3388286818, 0.0342376488, 0.0001102457, 4.2474754112
0.9827586207, 0.7068965517, -0.0082970177, -0.1306357225, 0.0130898940, 0.0001880644, 7.8547241051
0.0172413793, 0.7413793103, 0.0013822300, 0.0375362526, 0.0037561694, 0.0000538792, 2.2753280093
0.0517241379, 0.7413793103, 0.0098139767, 0.1065452677, 0.0106996300, 0.0000466868, 1.7099092224
0.0862068966, 0.7413793103, 0.0224485393, 0.1560998447, 0.0157705734, 0.0000253622, 1.1368861269
0.1206896552, 0.7413793103, 0.0349835584, 0.1808327135, 0.0184185558, 0.0000056290, 0.4794743456
0.1551724138, 0.7413793103, 0.0441712749, 0.1802569051, 0.0185590014, -0.0000141940, -0.2844149698
0.1896551724, 0.7413793103, 0.0497170960, 0.1542936915, 0.0162105931, -0.0000266460, -0.9382339785
0.2241379310, 0.7413793103, 0.0484772987, 0.1139663383, 0.0123848192, -0.0000310509, -1.1809371935
0.2586206897, 0.7413793103, 0.0379998158, 0.0736036804, 0.0082834098, -0.0000261557, -1.0693748392
0.2931034483, 0.7413793103, 0.0228613291, 0.0433085555, 0.0048972149, -0.0000142957, -0.7908303364
0.3275862069, 0.7413793103, 0.0091465431, 0.0265980392, 0.0028126766, -0.0000035734, -0.4542914073
0.3620689655, 0.7413793103, -0.0016265636, 0.0213928307, 0.0021454578, 0.0000022650, -0.1363296057
0.3965517241, 0.7413793103, -0.0108333630, 0.0247063430, 0.0026977122, 0.0000075113, 0.1487792574
0.4310344828, 0.7413793103, -0.0192602786, 0.0389865617, 0.0043484599, 0.0000203771, 0.4522445282
0.4655172414, 0.7413793103, -0.0235698394, 0.0694057131, 0.0073298638, 0.0000372647, 0.6670461895
0.5000000000, 0.7413793103, -0.0177747430, 0.1088297770, 0.0110271764, 0.0000405020, 0.5287445321
0.5344827586, 0.7413793103, -0.0014165375, 0.1383911893, 0.0138398439, 0.0000281441, -0.0215178251
0.5689655172, 0.7413793103, 0.0188574353, 0.1455120346, 0.0146728849, 0.0000122311, -0.7578809673
0.6034482759, 0.7413793103, 0.0356979400, 0.1300031383, 0.0134815277, 0.0000003615, -1.4231136321
0.6379310345, 0.7413793103, 0.0453421690, 0.0983449865, 0.0108294269, -0.0000060033, -1.8855492901
0.6724137931, 0.7413793103, 0.0471507000, 0.0579795489, 0.0074731631, -0.0000079573, -2.1536683267
0.7068965517, 0.7413793103, 0.0412538380, 0.0138550408, 0.0043518287, -0.0000077524, -2.3378462638
0.7413793103, 0.7413793103, 0.0275866532, -0.0336792367, 0.0043535209, -0.0000091704, -2.5722745447
0.7758620690, 0.7413793103, 0.0065701405, -0.0890395725, 0.0089281646, -0.0000163105, -2.9885702288
0.8103448276, 0.7413793103, -0.0216137373, -0.1617541601, 0.0163191795, -0.0000329943, -3.6753997226
0.8448275862, 0.7413793103, -0.0552276145, -0.2623660821, 0.0268115741, -0.0000567882, -4.2402290144
0.8793103448, 0.7413793103, -0.0828263615, -0.3778557795, 0.0386827088, -0.0000613198, -3.5193266533
0.9137931034, 0.7413793103, -0.0834101508, -0.4480676056, 0.0455765107, -0.0000086906, -0.4918827405
0.9482758621, 0.7413793103, -0.0485277633, -0.3862836166, 0.0389319889, 0.0001094886, 4.1820584645
0.9827586207, 0.7413793103, -0.0084744586, -0.1556363752, 0.0155866923, 0.0002237665, 9.1360048278
0.0172413793, 0.7758620690, 0.0020521490, 0.0326495023, 0.0032713932, 0.0000475851, 2.0234944682
0.0517241379, 0.7758620690, 0.0104505789, 0.0957254184, 0.0096294186, 0.0000452637, 1.6926963918
0.0862068966, 0.7758620690, 0.0188452076, 0.1451460666, 0.0146364348, 0.0000207077, 1.2561879518
0.1206896552, 0.7758620690, 0.0283882609, 0.1705606100, 0.0172906955, 0.0000045655, 0.5099118204
0.1551724138, 0.7758620690, 0.0405566924, 0.1704416516, 0.0175200462, -0.0000098004, -0.2262554906
0.1896551724, 0.7758620690, 0.0490558834, 0.1504062490, 0.0158204044, -0.0000206678, -0.6471543061
0.2241379310, 0.7758620690, 0.0475199674, 0.1202094826, 0.0129261236, -0.0000268390, -0.8640101755
0.2586206897, 0.7758620690, 0.0388405959, 0.0861290760, 0.0094481795, -0.0000236343, -0.9679008074
0.2931034483, 0.7758620690, 0.0274891305, 0.0568889888, 0.0063182350, -0.0000134304, -0.8462335571
0.3275862069, 0.7758620690, 0.0150638147, 0.0389009907, 0.0041715772, -0.0000038088, -0.5666835707
0.3620689655, 0.7758620690, 0.0034325629, 0.0316617747, 0.0031847299, 0.0000027603, -0.2910094649
0.3965517241, 0.7758620690, -0.0056845717, 0.0329755067, 0.0033461895, 0.0000089373, -0.0432018821
0.4310344828, 0.7758620690, -0.0113537478, 0.0441166164, 0.0045554181, 0.0000187876, 0.2015220574
0.4655172414, 0.7758620690, -0.0110333256, 0.0669345376, 0.0067837796, 0.0000299259, 0.3498398745
0.5000000000, 0.7758620690, -0.0013375511, 0.0955766762, 0.0095586035, 0.0000321819, 0.2519956394
0.5344827586, 0.7758620690, 0.0172343956, 0.1177083724, 0.0118963378, 0.0000241646, -0.1115865095
0.5689655172, 0.7758620690, 0.0395696611, 0.1245812040, 0.0130714324, 0.0000125864, -0.6192488634
0.6034482759, 0.7758620690, 0.0595010418, 0.1146628505, 0.0129181822, 0.0000028864, -1.1318308744
0.6379310345, 0.7758620690, 0.0725917833, 0.0911019070, 0.0116486585, -0.0000028393, -1.5530687362
0.6724137931, 0.7758620690, 0.0771627980, 0.0587797946, 0.0097000833, -0.0000050840, -1.8360039074
0.7068965517, 0.7758620690, 0.0738727570, 0.0221755490, 0.0077129367, -0.0000051763, -2.0236330094
0.7413793103, 0.7758620690, 0.0632433052, -0.0175150703, 0.0065623878, -0.0000057858, -2.2786236428
0.7758620690, 0.7758620690, 0.0445643509, -0.0651523512, 0.0078935481, -0.0000113873, -2.7607508435
0.8103448276, 0.7758620690, 0.0179585562, -0.1306917083, 0.0131919795, -0.0000274246, -3.5426894660
0.8448275862, 0.7758620690, -0.0155865325, -0.2271036727, 0.0227637910, -0.0000549438, -4.4424771520
0.8793103448, 0.7758620690, -0.0506011395, -0.3534491648, 0.0357052920, -0.0000725404, -4.4184873489
0.9137931034, 0.7758620690, -0.0673321992, -0.4587308033, 0.0463645959, -0.0000361814, -1.6960285995
0.9482758621, 0.7758620690, -0.0451473918, -0.4281626547, 0.0430536347, 0.0001006778, 3.8745490932
0.9827586207, 0.7758620690, -0.0082085809, -0.1804320475, 0.0180618672, 0.0002590554, 10.3245877135
0.0172413793, 0.8103448276, 0.0016379872, 0.0270188133, 0.0027068418, 0.0000391960, 2.0772028954
0.0517241379, 0.8103448276, 0.0055728588, 0.0894945496, 0.0089667894, 0.0000389146, 1.7773536743
0.0862068966, 0.8103448276, 0.0106500791, 0.1381192832, 0.0138529277, 0.0000151671, 1.0816970769
0.1206896552, 0.8103448276, 0.0251128109, 0.1558911764, 0.0157900957, 0.0000089920, 0.3511199539
0.1551724138, 0.8103448276, 0.0396207408, 0.1585006830, 0.0163377690, -0.0000049021, 0.0822711888
0.1896551724, 0.8103448276, 0.0441162585, 0.1485581539, 0.0154970221, -0.0000191674, -0.2589223403
0.2241379310, 0.8103448276, 0.0437870343, 0.1242362745, 0.0131726824, -0.0000240630, -0.7261395638
0.2586206897, 0.8103448276, 0.0414311018, 0.0935495134, 0.0102313477, -0.0000190719, -0.9242424914
0.2931034483, 0.8103448276, 0.0339941789, 0.0678882196, 0.0075923742, -0.0000104356, -0.8355162573
0.3275862069, 0.8103448276, 0.0230009545, 0.0509517723, 0.0055902835, -0.0000024074, -0.6861392952
0.3620689655, 0.8103448276, 0.0125175705, 0.0418079435, 0.0043641651, 0.0000045185, -0.5442469653
0.3965517241, 0.8103448276, 0.0046009189, 0.0399345745, 0.0040198740, 0.0000110087, -0.3824410507
0.4310344828, 0.8103448276, 0.0008006794, 0.0460900079, 0.0046096962, 0.0000185358, -0.2045680336
0.4655172414, 0.8103448276, 0.0037633325, 0.0607680189, 0.0060884438, 0.0000257371, -0.0778455997
0.5000000000, 0.8103448276, 0.0156200822, 0.0799694926, 0.0081480714, 0.0000270501, -0.0996833120
0.5344827586, 0.8103448276, 0.0352836117, 0.0957127825, 0.0102009166, 0.0000217944, -0.2983417784
0.5689655172, 0.8103448276, 0.0585187315, 0.1018128103, 0.0117432067, 0.0000137189, -0.6154396732
0.6034482759, 0.8103448276, 0.0802759447, 0.0962787656, 0.0125354808, 0.0000063284, -0.9720816550
0.6379310345, 0.8103448276, 0.0965673019, 0.0803879119, 0.0125648160, 0.0000017992, -1.3136996556
0.6724137931, 0.8103448276, 0.1048453012, 0.0567960402, 0.0119240628, 0.0000001744, -1.6200102547
0.7068965517, 0.8103448276, 0.1045198702, 0.0277548528, 0.0108142199, -0.0000000151, -1.8750122659
0.7413793103, 0.8103448276, 0.0974052111, -0.0052579706, 0.0097547021, -0.0000002292, -2.1329271722
0.7758620690, 0.8103448276, 0.0837901125, -0.0444423247, 0.0094846735, -0.0000029086, -2.6322674498
0.8103448276, 0.8103448276, 0.0607583526, -0.1011318276, 0.0117979761, -0.0000161954, -3.5393079612
0.8448275862, 0.8103448276, 0.0283926636, -0.1911456485, 0.0193242858, -0.0000455569, -4.6247764792
0.8793103448, 0.8103448276, -0.0097302266, -0.3184300603, 0.0318578688, -0.0000729295, -5.1327336087
0.9137931034, 0.8103448276, -0.0411561511, -0.4509659248, 0.0452840031, -0.0000609833, -3.0032551650
0.9482758621, 0.8103448276, -0.0374392898, -0.4594974451, 0.0461020176, 0.0000841818, 3.2144552635
0.9827586207, 0.8103448276, -0.0078913175, -0.2039605199, 0.0204113122, 0.0002915909, 11.2049369459
0.0172413793, 0.8448275862, -0.0024007478, 0.0268274505, 0.0026934656, 0.0000350507, 2.0622116415
0.0517241379, 0.8448275862, -0.0010250666, 0.0867903742, 0.0086796427, 0.0000451616, 1.1600531951
0.0862068966, 0.8448275862, 0.0106420360, 0.1235269680, 0.0123984534, 0.0000191041, 0.6353374355
0.1206896552, 0.8448275862, 0.0245544915, 0.1409238344, 0.0143047021, 0.0000080947, 0.7919595615
0.1551724138, 0.8448275862, 0.0275497949, 0.1541266102, 0.0156569484, -0.0000137674, 0.5923545086
0.1896551724, 0.8448275862, 0.0326481880, 0.1446242804, 0.0148263572, -0.0000226823, -0.2238059096
0.2241379310, 0.8448275862, 0.0425899176, 0.1205079436, 0.0127812619, -0.0000191245, -0.7101213465
0.2586206897, 0.8448275862, 0.0462334025, 0.0962790439, 0.0106804409, -0.0000128064, -0.8295507003
0.2931034483, 0.8448275862, 0.0425132003, 0.0760003468, 0.0087082862, -0.0000055419, -0.9079144646
0.3275862069, 0.8448275862, 0.0363034900, 0.0601460359, 0.0070253036, 0.0000029208, -0.9776728005
0.3620689655, 0.8448275862, 0.0299496386, 0.0497495044, 0.0058068873, 0.0000111404, -0.9943225391
0.3965517241, 0.8448275862, 0.0249727376, 0.0450231362, 0.0051485148, 0.0000182232, -0.9723252377
0.4310344828, 0.8448275862, 0.0235878369, 0.0459766078, 0.0051674312, 0.0000248411, -0.9144365744
0.4655172414, 0.8448275862, 0.0282148212, 0.0528881880, 0.0059943612, 0.0000302966, -0.8377405743
0.5000000000, 0.8448275862, 0.0404819236, 0.0636800794, 0.0075458191, 0.0000314178, -0.8064075034
0.5344827586, 0.8448275862, 0.0596530083, 0.0735823123, 0.0094725066, 0.0000279616, -0.8681575234
0.5689655172, 0.8448275862, 0.0825797596, 0.0783579512, 0.0113839296, 0.0000223709, -1.0206457927
0.6034482759, 0.8448275862, 0.1051162576, 0.0759083770, 0.0129659204, 0.0000169716, -1.2380816438
0.6379310345, 0.8448275862, 0.1237090342, 0.0661328430, 0.0140276434, 0.0000135070, -1.4852277873
0.6724137931, 0.8448275862, 0.1362545840, 0.0504487904, 0.0145294157, 0.0000127808, -1.7541064434
0.7068965517, 0.8448275862, 0.1411299370, 0.0297407237, 0.0144229573, 0.0000133837, -2.0804992593
0.7413793103, 0.8448275862, 0.1381445534, 0.0027803988, 0.0138172531, 0.0000128736, -2.4269758717
0.7758620690, 0.8448275862, 0.1302261800, -0.0305555762, 0.0133762854, 0.0000119118, -2.8384459901
0.8103448276, 0.8448275862, 0.1153454366, -0.0757828550, 0.0138013082, 0.0000044198, -3.7151126536
0.8448275862, 0.8448275862, 0.0860653368, -0.1542986173, 0.0176678537, -0.0000225152, -5.0092959904
0.8793103448, 0.8448275862, 0.0435602125, -0.2764969134, 0.0279907190, -0.0000584375, -5.8378944512
0.9137931034, 0.8448275862, -0.0012785381, -0.4236052923, 0.0423607222, -0.0000782199, -4.2447445693
0.9482758621, 0.8448275862, -0.0198285568, -0.4719146695, 0.0472331057, 0.0000647363, 2.1848039488
0.9827586207, 0.8448275862, -0.0058205572, -0.2237639044, 0.0223839594, 0.0003188469, 11.3578680983
0.0172413793, 0.8793103448, 0.0025686722, 0.0280715702, 0.0028188848, 0.0000410701, 0.9434238387
0.0517241379, 0.8793103448, 0.0222687077, 0.0727341887, 0.0076066797, 0.0000869744, 0.7139271763
0.0862068966, 0.8793103448, 0.0209671644, 0.1178477264, 0.0119698407, 0.0000206856, 1.2970548350
0.1206896552, 0.8793103448, 0.0010945523, 0.1468060435, 0.0146810124, -0.0000153588, 1.0658155312
0.1551724138, 0.8793103448, 0.0024691517, 0.1465221030, 0.0146542906, -0.0000261971, -0.0997731086
0.1896551724, 0.8793103448, 0.0259324822, 0.1276130892, 0.0130221328, -0.0000179931, -0.7491607542
0.2241379310, 0.8793103448, 0.0444156838, 0.1099944693, 0.0118623506, -0.0000103437, -0.9295119749
0.2586206897, 0.8793103448, 0.0541338982, 0.0935556257, 0.0108088547, -0.0000034942, -1.2210182058
0.2931034483, 0.8793103448, 0.0604759616, 0.0768138652, 0.0097763551, 0.0000068240, -1.5575009677
0.3275862069, 0.8793103448, 0.0641758225, 0.0626248956, 0.0089668354, 0.0000186773, -1.8062677744
0.3620689655, 0.8793103448, 0.0659686390, 0.0524427867, 0.0084274001, 0.0000295416, -2.0008312171
0.3965517241, 0.8793103448, 0.0678849352, 0.0459025877, 0.0081947617, 0.0000388403, -2.1588921911
0.4310344828, 0.8793103448, 0.0717303225, 0.0429376440, 0.0083599524, 0.0000467645, -2.2515511133
0.4655172414, 0.8793103448, 0.0792420161, 0.0439114467, 0.0090595321, 0.0000527547, -2.2733193477
0.5000000000, 0.8793103448, 0.0919285171, 0.0479760526, 0.0103694522, 0.0000550523, -2.2609562720
0.5344827586, 0.8793103448, 0.1098344160, 0.0526725827, 0.0121811329, 0.0000535813, -2.2600906350
0.5689655172, 0.8793103448, 0.1312341613, 0.0554186746, 0.0142455728, 0.0000500102, -2.3001658513
0.6034482759, 0.8793103448, 0.1534357775, 0.0544927209, 0.0162825042, 0.0000461880, -2.3984753539
0.6379310345, 0.8793103448, 0.1735372179, 0.0490484458, 0.0180335565, 0.0000434641, -2.5580112564
0.6724137931, 0.8793103448, 0.1894260400, 0.0391397254, 0.0193427358, 0.0000428271, -2.7599993429
0.7068965517, 0.8793103448, 0.2003341861, 0.0254132241, 0.0201939640, 0.0000440101, -3.0345592326
0.7413793103, 0.8793103448, 0.2044865575, 0.0060218467, 0.0204575206, 0.0000439088, -3.4433755519
0.7758620690, 0.8793103448, 0.2009817545, -0.0226379675, 0.0202252672, 0.0000419910, -3.8528462403
0.8103448276, 0.8793103448, 0.1932299773, -0.0604398520, 0.0202461848, 0.0000373404, -4.3453942500
0.8448275862, 0.8793103448, 0.1731472943, -0.1181297110, 0.0209605854, 0.0000200216, -5.4740965302
0.8793103448, 0.8793103448, 0.1235765088, -0.2211829857, 0.0253363507, -0.0000183447, -6.7896108801
0.9137931034, 0.8793103448, 0.0561670975, -0.3767301747, 0.0380894168, -0.0000837154, -5.6173090231
0.9482758621, 0.8793103448, 0.0117259637, -0.4593781311, 0.0459527764, 0.0000397210, 1.1222082417
0.9827586207, 0.8793103448, 0.0015691070, -0.2306463213, 0.0230651659, 0.0003315378, 10.9602668205
0.0172413793, 0.9137931034, 0.0214098571, -0.0022096502, 0.0021523581, 0.0000138731, 2.0002485256
0.0517241379, 0.9137931034, 0.0395147326, 0.0686610323, 0.0079219641, 0.0000748623, 3.7612272591
0.0862068966, 0.9137931034, -0.0047381668, 0.1612083274, 0.0161277943, -0.0000193981, 2.2562736752
0.1206896552, 0.9137931034, -0.0202756513, 0.1481214542, 0.0149502733, -0.0000164907, -1.3211998241
0.1551724138, 0.9137931034, 0.0152377446, 0.1173425814, 0.0118327808, 0.0000116791, -2.3524139561
0.1896551724, 0.9137931034, 0.0477868132, 0.1022156167, 0.0112834444, 0.0000263945, -2.4472587875
0.2241379310, 0.9137931034, 0.0726367283, 0.0917857793, 0.0117050090, 0.0000328213, -2.8792109201
0.2586206897, 0.9137931034, 0.0972609505, 0.0782515567, 0.0124831881, 0.0000432394, -3.4281236223
0.2931034483, 0.9137931034, 0.1189963300, 0.0647915184, 0.0135491946, 0.0000568412, -3.8327479409
0.3275862069, 0.9137931034, 0.1365026029, 0.0537791730, 0.0146714553, 0.0000701597, -4.1551237792
0.3620689655, 0.9137931034, 0.1512156905, 0.0450924017, 0.0157795785, 0.0000823608, -4.4396446164
0.3965517241, 0.9137931034, 0.1643567115, 0.0385323043, 0.0168813113, 0.0000931255, -4.6660096276
0.4310344828, 0.9137931034, 0.1768760830, 0.0341862039, 0.0180149508, 0.0001021163, -4.8180120672
0.4655172414, 0.9137931034, 0.1900338745, 0.0322003241, 0.0192742663, 0.0001090114, -4.8928599437
0.5000000000, 0.9137931034, 0.2051710783, 0.0322506615, 0.0207690338, 0.0001129751, -4.9024558467
0.5344827586, 0.9137931034, 0.2229639500, 0.0332653048, 0.0225431816, 0.0001139107, -4.8722815101
0.5689655172, 0.9137931034, 0.2430320255, 0.0339227018, 0.0245388091, 0.0001126959, -4.8320441406
0.6034482759, 0.9137931034, 0.2641581220, 0.0330803363, 0.0266221378, 0.0001105600, -4.8075349958
0.6379310345, 0.9137931034, 0.2847706081, 0.0299594679, 0.0286342224, 0.0001086071, -4.8189862492
0.6724137931, 0.9137931034, 0.3029641447, 0.0240526398, 0.0303917427, 0.0001074583, -4.8763876619
0.7068965517, 0.9137931034, 0.3172920054, 0.0148678684, 0.0317640158, 0.0001069156, -4.9653603665
0.7413793103, 0.9137931034, 0.3275675377, 0.0018945347, 0.0327573016, 0.0001058454, -5.1150029728
0.7758620690, 0.9137931034, 0.3294780151, -0.0174288912, 0.0329938674, 0.0001021688, -5.4082080652
0.8103448276, 0.9137931034, 0.3195360553, -0.0497080392, 0.0323379313, 0.0000906976, -5.5799885015
0.8448275862, 0.9137931034, 0.3028461018, -0.0908634898, 0.0316183388, 0.0000791091, -5.6571694898
0.8793103448, 0.9137931034, 0.2532087749, -0.1452418462, 0.0291907310, 0.0000595065, -7.1700846116
0.9137931034, 0.9137931034, 0.1479269388, -0.2922824441, 0.0327584197, -0.0000597244, -7.3363202132
0.9482758621, 0.9137931034, 0.0488616248, -0.4149934334, 0.0417860034, -0.0000064289, -0.3485690488
0.9827586207, 0.9137931034, 0.0071423581, -0.2164896349, 0.0216607422, 0.0003090346, 10.2783219494
0.0172413793, 0.9482758621, -0.0153147497, -0.0229508410, 0.0027591351, -0.0000500284, 3.7639373892
0.0517241379, 0.9482758621, -0.0737082981, 0.1192169873, 0.0140162774, -0.0000347813, -2.1747132878
0.0862068966, 0.9482758621, -0.0551774947, 0.1520110087, 0.0161715499, -0.0000623649, -7.5618155732
0.1206896552, 0.9482758621, 0.0483460355, 0.0946463389, 0.0106279201, 0.0000501899, -9.4337751387
0.1551724138, 0.9482758621, 0.1187987594, 0.0730147004, 0.0139442790, 0.0001142000, -8.7796222196
0.1896551724, 0.9482758621, 0.1691521482, 0.0664860945, 0.0181749415, 0.0001409592, -8.7392602051
0.2241379310, 0.9482758621, 0.2190178942, 0.0563557969, 0.0226152192, 0.0001626419, -8.9249516858
0.2586206897, 0.9482758621, 0.2635619561, 0.0461385129, 0.0267569929, 0.0001800026, -8.9306964681
0.2931034483, 0.9482758621, 0.3003310221, 0.0380023811, 0.0302725790, 0.0001916894, -8.8897022669
0.3275862069, 0.9482758621, 0.3310369665, 0.0312358237, 0.0332507368, 0.0001999775, -8.8641828275
0.3620689655, 0.9482758621, 0.3569041577, 0.0256809532, 0.0357826898, 0.0002061069, -8.8292940512
0.3965517241, 0.9482758621, 0.3787725048, 0.0214382600, 0.0379378715, 0.0002103179, -8.7783527271
0.4310344828, 0.9482758621, 0.3976750366, 0.0183953442, 0.0398100268, 0.0002129327, -8.7105469695
0.4655172414, 0.9482758621, 0.4147450906, 0.0164636905, 0.0415071733, 0.0002141725, -8.6165946103
0.5000000000, 0.9482758621, 0.4310939009, 0.0154838374, 0.0431371882, 0.0002136792, -8.4895218835
0.5344827586, 0.9482758621, 0.4475258708, 0.0150359830, 0.0447778389, 0.0002111690, -8.3302553579
0.5689655172, 0.9482758621, 0.4642936163, 0.0146016314, 0.0464523164, 0.0002066888, -8.1480873601
0.6034482759, 0.9482758621, 0.4810266813, 0.0136443130, 0.0481220153, 0.0002004445, -7.9581516530
0.6379310345, 0.9482758621, 0.4968534007, 0.0117193615, 0.0496991595, 0.0001929054, -7.7723192405
0.6724137931, 0.9482758621, 0.5106370378, 0.0086598558, 0.0510710463, 0.0001844228, -7.6150495439
0.7068965517, 0.9482758621, 0.5206147270, 0.0036952647, 0.0520627841, 0.0001741429, -7.5084851450
0.7413793103, 0.9482758621, 0.5249486236, -0.0039848434, 0.0524963748, 0.0001627984, -7.3981949616
0.7758620690, 0.9482758621, 0.5223590472, -0.0127744639, 0.0522515226, 0.0001515780, -7.4174748443
0.8103448276, 0.9482758621, 0.5046221719, -0.0297976146, 0.0505501171, 0.0001285591, -7.7105602798
0.8448275862, 0.9482758621, 0.4677631073, -0.0590456068, 0.0471475035, 0.0001112710, -7.4937727967
0.8793103448, 0.9482758621, 0.4166461485, -0.0695902233, 0.0422417817, 0.0001230233, -8.2197160905
0.9137931034, 0.9482758621, 0.2923686285, -0.1408162994, 0.0324512935, -0.0000004823, -11.5479399311
0.9482758621, 0.9482758621, 0.1115580175, -0.3046519883, 0.0324434932, -0.0000260693, -8.3216329066
0.9827586207, 0.9482758621, 0.0109417019, -0.1884255841, 0.0188743004, 0.0002671243, 4.3153827509
0.0172413793, 0.9827586207, 0.1555374317, -0.0528137907, 0.0164259518, 0.0005484256, -2.3148013117
0.0517241379, 0.9827586207, 0.3644568091, 0.0656099921, 0.0370315321, 0.0008579337, -19.4831120804
0.0862068966, 0.9827586207, 0.4921957071, 0.0312416593, 0.0493186228, 0.0007168015, -25.3283815401
0.1206896552, 0.9827586207, 0.5513332224, 0.0113839916, 0.0551450739, 0.0006482639, -21.1285784151
0.1551724138, 0.9827586207, 0.5925686877, 0.0144381941, 0.0592744558, 0.0005815856, -19.0803630565
0.1896551724, 0.9827586207, 0.6338355101, 0.0132456543, 0.0633973896, 0.0005217919, -18.5186901389
0.2241379310, 0.9827586207, 0.6678030560, 0.0099719005, 0.0667877504, 0.0004752643, -17.4734010528
0.2586206897, 0.9827586207, 0.6948176360, 0.0081578325, 0.0694865525, 0.0004370251, -16.3938739927
0.2931034483, 0.9827586207, 0.7171765558, 0.0068259351, 0.0717209039, 0.0004051839, -15.5416746370
0.3275862069, 0.9827586207, 0.7355041285, 0.0055201113, 0.0735524843, 0.0003793707, -14.8077748103
0.3620689655, 0.9827586207, 0.7503349579, 0.0044672085, 0.0750348256, 0.0003584761, -14.1581576172
0.3965517241, 0.9827586207, 0.7624747389, 0.0036993816, 0.0762483713, 0.0003412975, -13.6013360307
0.4310344828, 0.9827586207, 0.7726288908, 0.0031349430, 0.0772635251, 0.0003269099, -13.1226582472
0.4655172414, 0.9827586207, 0.7813702718, 0.0027510766, 0.0781375115, 0.0003145315, -12.6986718134
0.5000000000, 0.9827586207, 0.7892276386, 0.0025288008, 0.0789231690, 0.0003033933, -12.3080801271
0.5344827586, 0.9827586207, 0.7965821135, 0.0023963550, 0.0796585718, 0.0002929625, -11.9314965612
0.5689655172, 0.9827586207, 0.8035774148, 0.0022737763, 0.0803580632, 0.0002830576, -11.5551957041
0.6034482759, 0.9827586207, 0.8101138972, 0.0020761114, 0.0810116557, 0.0002738059, -11.1788750260
0.6379310345, 0.9827586207, 0.8158081675, 0.0017099663, 0.0815809960, 0.0002657404, -10.8121721761
0.6724137931, 0.9827586207, 0.8201158786, 0.0011905728, 0.0820116743, 0.0002597491, -10.4698267582
0.7068965517, 0.9827586207, 0.8224738679, 0.0004165775, 0.0822473973, 0.0002564477, -10.2166406147
0.7413793103, 0.9827586207, 0.8213181512, -0.0011506303, 0.0821318957, 0.0002577288, -10.0721421158
0.7758620690, 0.9827586207, 0.8152152331, -0.0024864161, 0.0815219025, 0.0002672336, -9.9861604704
0.8103448276, 0.9827586207, 0.8050276903, -0.0041638270, 0.0805038458, 0.0002812620, -10.5363366211
0.8448275862, 0.9827586207, 0.7798654101, -0.0129998823, 0.0779973753, 0.0003117097, -11.2807128821
0.8793103448, 0.9827586207, 0.7383150541, -0.0107541227, 0.0738393371, 0.0003830562, -11.5774376141
0.9137931034, 0.9827586207, 0.7092748243, -0.0098745124, 0.0709343557, 0.0004207240, -17.1987863902
0.9482758621, 0.9827586207, 0.5751580577, -0.0906004245, 0.0582250142, 0.0005467442, -19.3686140907
0.9827586207, 0.9827586207, 0.2220446560, -0.0175372736, 0.0222736134, 0.0005406016, -4.7791152274
